;; coverage correct out-of   Dick Campbell
1 4 4 
0 5 5 
2 4 4 

0 4 4 
0 4 4
1 4 4 

3 5 5 
1 4 4 
1 5 5 

2 4 4 
1 5 5 
0 4 4 

1 4 4 
0 5 5 
1 5 5 

2 3 4 
1 5 5 
1 4 4

3 4 4 
0 4 4 
3 5 5 

1 4 4 
1 4 4 
1 4 4 

2 4 4 
1 5 5 
2 4 5

3 4 4 
2 5 5 
1 4 5

0 4 4
2 5 5 
0 4 4 

0 5 5 
0 4 4
2 4 5

2 4 5
0 4 4 
0 4 4 

1 4 4
1 5 5 
0 4 4 

1 5 5 
1 4 5
0 4 4 

3 5 5 
3 4 4 
2 3 4

1 4 4
2 2 4
1 5 5 

0 4 4
1 4 4 
0 4 4 

0 4 4 
5 1 4
2 3 4

0 5 5 
0 5 5
2 4 5

0 4 4 
0 4 4 
1 4 4 

2 5 5 
1 5 5 
1 4 4 

1 4 4 
0 4 4 
2 4 5 

1 5 5 
2 5 5 
0 4 4

0 5 5 
0 4 4 
0 5 5 

2 4 4 
0 4 4 
0 4 4 

2 4 4 
0 4 4 
2 4 4

2 4 4 
4 4 5
2 4 4 

0 4 4
4 4 4 
4 5 5

2 3 4
2 5 5
4 4 5

2 4 4 
3 5 5 
0 4 4 

3 5 5 
4 5 5 
3 5 5

4 4 4 
3 5 5 
4 4 4 

1 5 5
