;; coverage correct out-of  length  Dick Campbell
4 5 6 2
4 9 9 2
1 2 2 0

3 10 10 2
1 6 6 0
2 7 7 0

4 9 9 2
2 6 7 1
3 9 9 2

1 8 10 2
1 8 9 2
5 9 10 2

4 4 4 0
5 5 5 0
4 5 6 1

5 5 5 0
5 6 6 0
3 14 14 2

5 6 6 0
5 7 7 0
4 2 3 0

5 7 8 0
5 5 5 0
4 11 11 2

5 8 8 0
5 3 3 0
5 5 5 0

5 6 6 0
5 11 11 2
4 3 3 0

5 7 7 0
4 6 6 1
4 5 6 0

3 6 6 1
5 11 11 2
4 8 9 2

5 7 7 0
4 9 9 2
5 5 5 2

5 3 3 0
4 6 6 0
4 8 8 2

4 12 12 2
5 5 5 2
3 3 4 0

4 7 8 1
5 5 5 0
3 9 12 2

4 10 10 2
4 5 5 2
5 2 2 0

4 7 7 2
3 9 9 2
5 5 5 0

4 7 7 1
5 6 6 0
4 3 4 0

5 7 7 0
4 11 11 2
5 7 7 1

5 7 7 0
5 3 3 0
5 6 7 1

5 3 3 0
5 7 7 0
5 9 9 2

5 6 6 0
5 4 4 0
5 8 8 2

5 8 8 2
2 1 1 -2
5 4 4 0

5 6 6 2
5 5 5 1
5 4 4 0

5 4 4 0
5 7 7 0
5 3 3 0

4 6 7 2
4 6 6 2
5 4 4 0

5 5 5 0
4 11 11 2
4 7 7 2

5 7 7 2
4 7 7 2
5 8 8 2

5 6 6 0
5 2 2 0
5 3 3 0

4 8 9 2
5 4 4 0
4 10 10 2

3 12 13 2
4 9 10 2
3 9 9 2

4 8 9 2
4 8 9 2
4 10 10 2

4 10 10 2
