;; coverage correct out-of  length   Kara Bronikowski
4 3 3 -1
4 9 9 2
3 2 2 -2

5 4 4 0
5 6 6 1
5 5 5 0

1 3 5 -1
4 5 5 1
4 5 5 0

4 4 4 0
2 2 3 -2
4 6 6 1

4 4 4 -1
1 1 3 -2
4 6 6 1

3 4 4 -1
3 6 6 0
4 7 7 1

5 3 3 -1
4 7 7 1
3 3 3 -2

4 5 5 0
1 3 3 -2
4 8 8 1

2 2 2 -1
4 3 3 -2
5 3 3 0

4 6 6 1
4 10 10 2
3 2 3 -2

4 6 6 1
3 4 5 1
2 3 4 0

4 6 6 1
3 3 4 0
3 8 9 2

4 4 4 0
3 5 7 0
3 5 5 0

4 3 3 -2
5 6 6 1
3 6 6 1

4 6 6 0
5 3 3 0
5 4 4 0

4 6 7 1
5 3 3 0
4 8 10 2

4 6 6 1
5 3 3 0
5 2 2 0

5 7 7 2
2 2 2 -2
0 0 1 -2

4 4 4 0
5 6 6 0
4 3 3 -1

2 5 7 2
3 5 6 1
4 3 3 -1

4 7 7 1
3 2 2 -1
5 2 2 0

5 3 3 0
4 6 7 1
5 5 5 0

5 4 4 0
3 4 4 0
5 8 8 0

3 7 7 1
2 1 1 -2
2 3 3 -1

5 3 3 0
5 5 5 0
4 4 4 -1

3 4 4 -2
4 5 5 0
5 3 3 0

5 4 4 0
3 4 4 -1
5 5 5 0

5 5 5 0
4 11 11 2
4 5 5 0

3 5 5 1
5 3 3 0
5 5 5 0

4 4 4 -1
3 2 2 -1
1 3 3 -2

2 5 5 -1
3 3 4 -1
4 7 7 1

4 10 10 1
5 8 8 0
5 6 6 1

5 4 4 0
4 7 8 1
3 3 3 -1

4 6 7 1

