;; coverage correct out-of  length Dick Campbell
5 6 6 0
3 2 3 0
5 3 3 0

4 10 10 2
4 4 5 0
4 4 4 0

4 10 11 0
5 4 4 0
4 9 10 2

5 4 4 0
4 8 8 2
4 8 8 1

5 2 2 0
5 4 4 0
5 3 3 0

5 7 7 0
5 7 7 0
4 7 7 1

4 5 5 0
5 7 7 0
5 4 4 0

4 8 9 2
5 4 4 0
4 9 9 2

5 7 7 0
5 4 4 0
5 3 3 0

4 2 2 0
4 13 13 2
5 3 3 0

5 5 5 0
4 5 6 2
5 2 2 0

4 3 4 1
4 10 10 2
4 10 10 2

5 5 5 0
5 7 7 0
5 3 3 0

5 3 3 0
5 6 6 0
5 10 10 1

5 5 5 0
5 6 6 0
4 4 4 1

4 11 11 2
5 7 7 0
5 8 8 1

5 8 8 0
5 5 5 0
5 2 2 0

5 4 4 0
5 7 7 0
5 7 7 0

4 8 9 0
5 6 6 0
5 4 4 0

3 8 8 2
3 5 5 2
4 6 6 0

5 5 5 0
5 4 4 0
5 5 5 0

5 2 2 0
4 5 5 1
4 10 10 1

5 5 5 0
5 5 5 0
5 9 9 0

5 4 4 0
5 4 4 0
5 9 9 0

5 7 7 0
5 4 4 0
5 5 5 0

5 2 2 0
4 10 10 2
5 4 4 0

5 8 8 0
5 3 3 0
5 6 6 0

4 3 4 1
5 7 7 0
5 5 5 0

5 8 8 0
5 7 7 0
5 12 12 1

5 5 5 1
5 4 4 0
4 6 6 2

4 14 14 2
5 2 2 0
5 4 4 0

4 9 9 2
5 9 9 0
5 9 9 0

3 4 6 1
5 6 6 0
5 8 8 1

5 8 8 0
