;; coverage correct out-of  length   Sharon Campbell
4 6 6 1
4 3 3 -1
4 3 3 0

4 9 10 2
5 5 5 2
4 4 4 0

3 11 11 2
3 3 4 1
5 10 10 2

4 4 4 1
4 8 8 2
4 6 8 1

2 2 2 -1
2 2 4 0
3 3 3 -1

5 7 7 1
4 7 7 2
4 7 7 2

4 5 5 0
5 7 7 2
4 4 4 0

4 5 9 2
4 4 4 0
4 9 9 2

5 7 7 0
4 3 4 0
4 3 3 -1

3 2 2 -2
5 13 13 2
4 2 3 -1

5 5 5 0
4 5 6 1
3 2 2 -2

4 2 4 0
4 9 10 2
4 9 10 2

4 5 5 0
4 6 7 2
4 2 3 -1

5 3 3 1
5 6 6 1
5 10 10 2

5 5 5 1
5 6 6 1
5 4 4 0

3 10 11 2
5 7 7 2
4 6 8 2

4 8 8 2
4 5 5 1
4 2 2 0

5 4 4 0
3 6 7 1
4 7 7 1

5 9 9 2
5 6 6 1
4 4 4 0

3 7 7 2
4 5 5 0
4 6 6 2

4 5 6 1
5 4 4 0
4 4 5 0

4 2 2 0
2 4 5 1
4 10 10 2

5 5 5 0
4 5 5 0
3 9 9 2

2 4 4 0
5 4 4 1
4 9 9 2

5 7 7 1
4 3 4 0
5 5 5 0

4 2 2 -1
5 10 10 1
5 4 4 1

5 8 8 2
4 3 3 -1
4 6 6 1

4 3 4 0
5 7 7 1
5 5 5 1

5 8 8 1
4 6 7 1
5 12 12 1

4 5 5 1
5 4 4 0
4 6 6 1

4 13 14 2
5 2 2 0
3 4 4 0

3 8 9 2
5 9 9 1
4 9 9 2

3 4 6 1
3 6 6 1
4 8 8 2

5 8 8 1
