;; coverage correct out-of  length   Sharon Campbell
4 3 4 0
4 3 3 -1
5 3 3 0

4 6 7 1
5 5 5 1
5 3 3 0

5 11 11 2
4 4 4 0
5 9 9 2

4 3 3 -1
4 2 2 -1
5 8 8 2

4 2 2 -1
4 4 4 -1
4 3 3 -1

5 7 7 1
4 4 4 0
4 5 5 0

4 5 5 0
4 3 3 -1
5 4 4 0

4 5 5 0
4 4 4 0
4 9 9 1

4 5 5 0
4 4 4 0
5 3 3 0

3 1 2 -1
4 11 11 2
4 3 3 -1

5 5 5 0
5 6 6 1
3 2 2 -2

4 4 4 0
4 5 6 1
4 9 10 1

5 4 4 0
4 6 7 1
3 3 3 -1

4 3 3 -1
5 6 6 1
4 7 8 0

5 5 5 0
5 4 4 0
3 3 4 0

3 7 7 1
3 6 7 1
4 8 8 2

3 2 2 -2
5 5 5 1
4 2 2 -1

5 4 4 0
4 4 4 0
5 5 5 1

5 7 7 1
5 6 6 0
4 4 4 0

4 5 5 1
3 3 3 -1
4 6 6 1

4 5 5 1
3 1 2 -1
3 3 3 -1

4 2 2 0
3 5 5 1
4 7 8 1

5 5 5 0
3 5 5 1
4 9 9 1

3 4 4 -1
4 2 3 0
5 9 9 1

4 4 5 0
4 3 4 0
4 5 5 0

4 2 2 -1
5 8 8 1
5 4 4 0

5 4 4 0
3 3 3 -2
4 4 4 0

4 4 4 0
5 7 7 1
4 3 3 -1

4 3 3 -1
4 6 7 2
5 10 10 1

4 5 5 1
4 4 4 0
5 6 6 1

4 9 10 2
5 2 2 0
2 3 3 -2

3 5 5 0
5 9 9 1
3 5 7 1

3 4 6 1
4 6 6 1
3 6 6 1

5 6 6 1 
