;; coverage correct out-of  length   Kara Bronikowski
4 4 4 0
4 3 3 -1
4 3 3 -1

4 6 7 1
5 5 5 1
5 3 3 -1

3 11 11 2
4 3 4 -1
5 9 9 2

5 3 3 -1
5 2 2 -1
5 8 8 1

3 1 2 -2
3 4 4 -1
3 2 3 -1

2 7 7 0
3 4 4 -1
3 4 5 -1

4 5 5 0
4 3 3 -1
4 4 4 0

4 5 5 0
4 4 4 0
4 8 9 2

3 5 5 -1
3 3 4 -1
2 3 3 -1

1 2 2 -2
4 11 11 2
3 2 3 -1

5 5 5 0
4 5 6 0
2 1 2 -1

2 4 4 -1
4 6 6 0
4 9 10 2

3 4 4 -1
4 6 7 0
3 2 3 -1

4 3 3 0
3 5 6 1
4 8 8 0

5 5 5 0
5 4 4 0
3 4 4 -1

4 6 7 1
3 7 7 2
3 7 8 2

3 2 2 -1
4 5 5 0
3 1 2 -1

4 4 4 0
3 4 4 -1
4 5 5 1

5 6 7 2
5 6 6 0
4 4 4 -1

3 4 5 -1
3 2 3 -2
4 6 6 0

4 4 5 -1
5 2 2 -1
3 2 3 -1

5 2 2 0
4 4 5 -1
4 7 8 1

5 5 5 0
2 5 5 0
4 9 9 2

4 4 4 -1
2 3 3 -2
4 9 9 1

4 4 5 0
3 3 4 0
3 5 5 0

1 2 2 -2
4 8 8 1
5 4 4 0

3 3 4 -1
2 3 3 -1
4 4 4 0

4 4 4 -1
4 7 7 0
2 3 3 -2

3 3 3 -1
4 7 7 1
5 10 10 1

3 5 5 0
4 4 4 0
2 6 6 0

5 10 10 1
4 2 2 -2
1 3 3 -2

4 3 5 0
5 9 9 1
4 5 7 1

3 4 6 0
3 6 6 0
4 6 6 0

4 6 6 1
