((0.000000 0.000000 1.570796)
(0.000000 0.000000 1.570796)
(0.000000 0.000000 1.570793)
(0.000000 0.000244 1.570789)
(0.000000 0.001236 1.570760)
(0.000000 0.003037 1.567712)
(0.000007 0.005433 1.564960)
(0.000026 0.008669 1.564363)
(0.000052 0.012699 1.564879)
(0.000080 0.017339 1.565172)
(0.000109 0.022560 1.565416)
(0.000140 0.028390 1.565808)
(0.000172 0.034633 1.565483)
(0.000207 0.041212 1.565331)
(0.000245 0.048325 1.565352)
(0.000286 0.055698 1.565026)
(0.000330 0.063452 1.564824)
(0.000378 0.071511 1.564400)
(0.000431 0.079692 1.564272)
(0.000487 0.088255 1.563501)
(0.000551 0.097017 1.563522)
(0.000616 0.105992 1.562875)
(0.000688 0.115089 1.563045)
(0.000760 0.124385 1.562694)
(0.000836 0.133803 1.563557)
(0.000905 0.143328 1.562786)
(0.000982 0.152898 1.563475)
(0.001053 0.162621 1.562308)
(0.001136 0.172344 1.563072)
(0.001212 0.182189 1.562276)
(0.001296 0.192126 1.563436)
(0.001371 0.202215 1.562492)
(0.001454 0.212274 1.562587)
(0.001538 0.222455 1.562039)
(0.001627 0.232697 1.563174)
(0.001705 0.242894 1.562799)
(0.001787 0.253074 1.563019)
(0.001866 0.263271 1.563684)
(0.001939 0.273620 1.563185)
(0.002018 0.283892 1.563256)
(0.002096 0.294302 1.563425)
(0.002173 0.304667 1.563917)
(0.002245 0.315168 1.563913)
(0.002316 0.325563 1.564281)
(0.002384 0.335912 1.564451)
(0.002449 0.346154 1.564521)
(0.002514 0.356610 1.564270)
(0.002583 0.367157 1.564217)
(0.002652 0.377628 1.563347)
(0.002731 0.388176 1.563319)
(0.002809 0.398692 1.563166)
(0.002889 0.409118 1.563410)
(0.002967 0.419634 1.563233)
(0.003046 0.430136 1.563354)
(0.003124 0.440637 1.563202)
(0.003203 0.451032 1.563545)
(0.003279 0.461442 1.563417)
(0.003355 0.471852 1.563265)
(0.003434 0.482354 1.563732)
(0.003509 0.492870 1.563406)
(0.003586 0.503326 1.563626)
(0.003661 0.513843 1.563573)
(0.003737 0.524268 1.563495)
(0.003813 0.534724 1.563887)
(0.003885 0.545195 1.563289)
(0.003964 0.555635 1.563533)
(0.004040 0.566091 1.563431)
(0.004117 0.576547 1.564046)
(0.004188 0.587064 1.563919)
(0.004260 0.597550 1.564138)
(0.004329 0.607930 1.564530)
(0.004394 0.618264 1.564452)
(0.004460 0.628780 1.564944)
(0.004522 0.639282 1.564866)
(0.004584 0.649753 1.564937)
(0.004646 0.660347 1.565305)
(0.004704 0.670864 1.565623)
(0.004758 0.681396 1.565817)
(0.004811 0.691882 1.565962)
(0.004861 0.702354 1.566256)
(0.004909 0.712810 1.566698)
(0.004952 0.723311 1.566496)
(0.004997 0.733798 1.566270)
(0.005045 0.744361 1.565994)
(0.005095 0.754924 1.566238)
(0.005143 0.765441 1.566284)
(0.005191 0.775927 1.566578)
(0.005235 0.786459 1.566575)
(0.005280 0.797022 1.566423)
(0.005325 0.807493 1.566295)
(0.005373 0.817964 1.566267)
(0.005420 0.828405 1.566239)
(0.005468 0.838968 1.566037)
(0.005518 0.849485 1.565663)
(0.005572 0.859910 1.565486)
(0.005627 0.870351 1.565408)
(0.005683 0.880761 1.565479)
(0.005739 0.891247 1.565599)
(0.005794 0.901764 1.565819)
(0.005846 0.912296 1.565592)
(0.005900 0.922676 1.565440)
(0.005949 0.931851 1.565387)
(0.005993 0.939942 1.567067)
(0.006019 0.946979 1.571272)
(0.006016 0.952826 1.572556)
(0.006009 0.956845 1.574285)
(0.006000 0.959459 1.579604)
(0.005978 0.961936 1.590839)
(0.005933 0.964213 1.604080)
(0.005857 0.966474 1.619053)
(0.005762 0.968459 1.633977)
(0.005659 0.970077 1.649841)
(0.005553 0.971419 1.666671)
(0.005471 0.972274 1.683823)
(0.005393 0.972960 1.701544)
(0.005327 0.973463 1.719141)
(0.005274 0.973813 1.736714)
(0.005271 0.973832 1.754831)
(0.005273 0.973821 1.773196)
(0.005285 0.973764 1.791363)
(0.005324 0.973589 1.809703)
(0.005406 0.973252 1.828761)
(0.005538 0.972754 1.847521)
(0.005716 0.972126 1.866381)
(0.005946 0.971371 1.885241)
(0.006162 0.970707 1.904745)
(0.006401 0.970018 1.924322)
(0.006716 0.969163 1.943653)
(0.007076 0.968242 1.963453)
(0.007460 0.967315 1.982784)
(0.007832 0.966466 2.002312)
(0.008283 0.965485 2.021691)
(0.008767 0.964485 2.041195)
(0.009319 0.963400 2.060401)
(0.009877 0.962353 2.079707)
(0.010403 0.961410 2.099359)
(0.010963 0.960451 2.118961)
(0.011621 0.959373 2.138861)
(0.012309 0.958296 2.158760)
(0.013043 0.957194 2.179106)
(0.013835 0.956058 2.199253)
(0.014622 0.954975 2.218805)
(0.015467 0.953858 2.238357)
(0.016391 0.952686 2.258083)
(0.017338 0.951533 2.277239)
(0.018415 0.950270 2.296370)
(0.019385 0.949177 2.315205)
(0.020541 0.947922 2.334410)
(0.021667 0.946745 2.353715)
(0.022795 0.945612 2.372302)
(0.023890 0.944552 2.390542)
(0.024558 0.943928 2.409178)
(0.024535 0.943949 2.422616)
(0.023879 0.944523 2.426078)
(0.022877 0.945394 2.426173)
(0.021218 0.946836 2.427604)
(0.018818 0.948915 2.428739)
(0.015711 0.951601 2.429898)
(0.012104 0.954712 2.431751)
(0.008237 0.958035 2.433034)
(0.003902 0.961750 2.434218)
(-0.000751 0.965728 2.435476)
(-0.005757 0.969998 2.436834)
(-0.011037 0.974488 2.438983)
(-0.016629 0.979223 2.441108)
(-0.022429 0.984113 2.443629)
(-0.028464 0.989176 2.446620)
(-0.034620 0.994308 2.449883)
(-0.040934 0.999537 2.452701)
(-0.047344 1.004816 2.455791)
(-0.053878 1.010162 2.458956)
(-0.060629 1.015651 2.462418)
(-0.067388 1.021108 2.465582)
(-0.074331 1.026676 2.468920)
(-0.081399 1.032307 2.472629)
(-0.088405 1.037846 2.476313)
(-0.095623 1.043509 2.479700)
(-0.101910 1.048407 2.484225)
(-0.106347 1.051832 2.489320)
(-0.110318 1.054865 2.496421)
(-0.113335 1.057136 2.507655)
(-0.116352 1.059354 2.520077)
(-0.119210 1.061401 2.535273)
(-0.122236 1.063499 2.553191)
(-0.124865 1.065254 2.570119)
(-0.128539 1.067616 2.581848)
(-0.132447 1.070065 2.586176)
(-0.136507 1.072584 2.589439)
(-0.140861 1.075267 2.592999)
(-0.145550 1.078133 2.596263)
(-0.150719 1.081268 2.597942)
(-0.156324 1.084656 2.599497)
(-0.162300 1.088255 2.602092)
(-0.168534 1.091988 2.604885)
(-0.175041 1.095860 2.607777)
(-0.181862 1.099891 2.610446)
(-0.188812 1.103974 2.612917)
(-0.195982 1.108162 2.615338)
(-0.203348 1.112441 2.618082)
(-0.210461 1.116547 2.620701)
(-0.216154 1.119813 2.624509)
(-0.220601 1.122342 2.627228)
(-0.223994 1.124259 2.633016)
(-0.226637 1.125733 2.641181)
(-0.229427 1.127259 2.653281)
(-0.231708 1.128470 2.668650)
(-0.233858 1.129570 2.684662)
(-0.236053 1.130649 2.700971)
(-0.237753 1.131451 2.714705)
(-0.240212 1.132570 2.724331)
(-0.243898 1.134203 2.725589)
(-0.247892 1.135968 2.726822)
(-0.252126 1.137832 2.729219)
(-0.256770 1.139864 2.732160)
(-0.261881 1.142082 2.734829)
(-0.267405 1.144462 2.737350)
(-0.273244 1.146960 2.739697)
(-0.279510 1.149623 2.742193)
(-0.286247 1.152466 2.743872)
(-0.293354 1.155452 2.746145)
(-0.300764 1.158545 2.747997)
(-0.308067 1.161578 2.749330)
(-0.314189 1.164111 2.751405)
(-0.318059 1.165702 2.754321)
(-0.320849 1.166840 2.755158)
(-0.322792 1.167631 2.756664)
(-0.324127 1.168172 2.763145)
(-0.325112 1.168563 2.773068)
(-0.325942 1.168884 2.785911)
(-0.327177 1.169343 2.799918)
(-0.329235 1.170075 2.814841)
(-0.332127 1.171055 2.828996)
(-0.335774 1.172233 2.836195)
(-0.339327 1.173353 2.837454)
(-0.343056 1.174524 2.840246)
(-0.347371 1.175865 2.842990)
(-0.352303 1.177383 2.845882)
(-0.357823 1.179065 2.847709)
(-0.363872 1.180895 2.848670)
(-0.370332 1.182844 2.851141)
(-0.376987 1.184833 2.853662)
(-0.384174 1.186962 2.856084)
(-0.391483 1.189107 2.858951)
(-0.399121 1.191325 2.861100)
(-0.406822 1.193544 2.863819)
(-0.414705 1.195792 2.866315)
(-0.421831 1.197804 2.868736)
(-0.428181 1.199581 2.872470)
(-0.434804 1.201408 2.875634)
(-0.440593 1.202985 2.879467)
(-0.446183 1.204485 2.886072)
(-0.451132 1.205778 2.893568)
(-0.455676 1.206928 2.901287)
(-0.459962 1.207978 2.909006)
(-0.464108 1.208961 2.916775)
(-0.467889 1.209825 2.925261)
(-0.471529 1.210625 2.933995)
(-0.474831 1.211321 2.942184)
(-0.477975 1.211956 2.950398)
(-0.480958 1.212534 2.958315)
(-0.483420 1.212990 2.965589)
(-0.487027 1.213631 2.967465)
(-0.491116 1.214351 2.965654)
(-0.495490 1.215128 2.967258)
(-0.499940 1.215912 2.969060)
(-0.504092 1.216636 2.971185)
(-0.507117 1.217156 2.973804)
(-0.509543 1.217567 2.977216)
(-0.512062 1.217985 2.984464)
(-0.514326 1.218344 2.994312)
(-0.516398 1.218651 3.007774)
(-0.517778 1.218837 3.023365)
(-0.519296 1.219017 3.039154)
(-0.520543 1.219145 3.052072)
(-0.522474 1.219319 3.058355)
(-0.525472 1.219569 3.060553)
(-0.528957 1.219852 3.061464)
(-0.532791 1.220160 3.063390)
(-0.537037 1.220492 3.064401)
(-0.542014 1.220877 3.065188)
(-0.547677 1.221311 3.066446)
(-0.553736 1.221767 3.068347)
(-0.560221 1.222243 3.071041)
(-0.567196 1.222736 3.074156)
(-0.574142 1.223205 3.076750)
(-0.580067 1.223590 3.081399)
(-0.584396 1.223850 3.085257)
(-0.587936 1.224050 3.088916)
(-0.590516 1.224186 3.096907)
(-0.592867 1.224291 3.108735)
(-0.594869 1.224357 3.123658)
(-0.597008 1.224395 3.138580)
(-0.598582 1.224400 3.153255)
(-0.600964 1.224372 3.166742)
(-0.604582 1.224281 3.171887)
(-0.608641 1.224158 3.171981)
(-0.612624 1.224037 3.173041)
(-0.617049 1.223898 3.174942)
(-0.622526 1.223715 3.177512)
(-0.628354 1.223506 3.179438)
(-0.634670 1.223267 3.181563)
(-0.641427 1.222996 3.184232)
(-0.648443 1.222697 3.186579)
(-0.655793 1.222366 3.188728)
(-0.662609 1.222045 3.191396)
(-0.667458 1.221803 3.195402)
(-0.671318 1.221595 3.198764)
(-0.674309 1.221424 3.201606)
(-0.677132 1.221254 3.208657)
(-0.679785 1.221076 3.220188)
(-0.682010 1.220901 3.235209)
(-0.683852 1.220728 3.251989)
(-0.685661 1.220527 3.269015)
(-0.687631 1.220275 3.286884)
(-0.689294 1.220032 3.303861)
(-0.691917 1.219602 3.313263)
(-0.695407 1.218997 3.315313)
(-0.699031 1.218361 3.318254)
(-0.703134 1.217629 3.321319)
(-0.707790 1.216783 3.323394)
(-0.713180 1.215792 3.325146)
(-0.718989 1.214714 3.327245)
(-0.725275 1.213533 3.329147)
(-0.732084 1.212241 3.331692)
(-0.739160 1.210879 3.334682)
(-0.746516 1.209441 3.337177)
(-0.753989 1.207960 3.340242)
(-0.761845 1.206379 3.342985)
(-0.769668 1.204782 3.345901)
(-0.776918 1.203280 3.348718)
(-0.782400 1.202127 3.351907)
(-0.786837 1.201180 3.354872)
(-0.790154 1.200462 3.361774)
(-0.793211 1.199778 3.372909)
(-0.796098 1.199098 3.387633)
(-0.798410 1.198517 3.404189)
(-0.800389 1.197985 3.420325)
(-0.801962 1.197535 3.436633)
(-0.803951 1.196930 3.454180)
(-0.805376 1.196470 3.467889)
(-0.807907 1.195613 3.477019)
(-0.811094 1.194503 3.479663)
(-0.814421 1.193333 3.481391)
(-0.818048 1.192051 3.484356)
(-0.822347 1.190517 3.486208)
(-0.827290 1.188743 3.488332)
(-0.832659 1.186802 3.489912)
(-0.838313 1.184749 3.491343)
(-0.844365 1.182542 3.492996)
(-0.850385 1.180335 3.494749)
(-0.855054 1.178614 3.498160)
(-0.858475 1.177339 3.500383)
(-0.861180 1.176325 3.505874)
(-0.863452 1.175459 3.516316)
(-0.865628 1.174603 3.529827)
(-0.867468 1.173850 3.546334)
(-0.868720 1.173314 3.562519)
(-0.869809 1.172826 3.578332)
(-0.871154 1.172199 3.595755)
(-0.872129 1.171723 3.610479)
(-0.873560 1.170998 3.617802)
(-0.875908 1.169787 3.618688)
(-0.878850 1.168266 3.620119)
(-0.882360 1.166445 3.621748)
(-0.886476 1.164302 3.623129)
(-0.891252 1.161806 3.623743)
(-0.896243 1.159194 3.624679)
(-0.901569 1.156400 3.626085)
(-0.907108 1.153485 3.627516)
(-0.912912 1.150419 3.628624)
(-0.919010 1.147190 3.629981)
(-0.924564 1.144239 3.632154)
(-0.928523 1.142124 3.636357)
(-0.931738 1.140390 3.640264)
(-0.934248 1.139023 3.644170)
(-0.936352 1.137866 3.652928)
(-0.938272 1.136789 3.665226)
(-0.940086 1.135742 3.681015)
(-0.941555 1.134862 3.696704)
(-0.943024 1.133951 3.712418)
(-0.944310 1.133126 3.729395)
(-0.945466 1.132355 3.742832)
(-0.948161 1.130507 3.748941)
(-0.951032 1.128511 3.748688)
(-0.954028 1.126430 3.748881)
(-0.957288 1.124165 3.750461)
(-0.961220 1.121423 3.751842)
(-0.965711 1.118283 3.752951)
(-0.970599 1.114856 3.754357)
(-0.975020 1.111748 3.756233)
(-0.978126 1.109556 3.759842)
(-0.980691 1.107732 3.762065)
(-0.982805 1.106221 3.768298)
(-0.984774 1.104795 3.778938)
(-0.986592 1.103449 3.792572)
(-0.987882 1.102467 3.808039)
(-0.988940 1.101635 3.822664)
(-0.989903 1.100854 3.837735)
(-0.991087 1.099864 3.854241)
(-0.992116 1.098976 3.865698)
(-0.993946 1.097357 3.871906)
(-0.996540 1.095035 3.871356)
(-0.999294 1.092571 3.873084)
(-1.002406 1.089777 3.875233)
(-1.006126 1.086424 3.878446)
(-1.010252 1.082680 3.880396)
(-1.014688 1.078640 3.881852)
(-1.019444 1.074295 3.883431)
(-1.024587 1.069581 3.885753)
(-1.029528 1.065031 3.886862)
(-1.033208 1.061636 3.889753)
(-1.035805 1.059225 3.892446)
(-1.037985 1.057191 3.896550)
(-1.039600 1.055671 3.905135)
(-1.041059 1.054275 3.916765)
(-1.042337 1.053023 3.931365)
(-1.043575 1.051774 3.945396)
(-1.044636 1.050673 3.959105)
(-1.045474 1.049780 3.974052)
(-1.046575 1.048570 3.989865)
(-1.047353 1.047687 4.001594)
(-1.048717 1.046102 4.005425)
(-1.050691 1.043792 4.005668)
(-1.053140 1.040924 4.006381)
(-1.055636 1.037996 4.008405)
(-1.058600 1.034505 4.011346)
(-1.061948 1.030539 4.014187)
(-1.065403 1.026422 4.015915)
(-1.068204 1.023073 4.017964)
(-1.070109 1.020784 4.020534)
(-1.071884 1.018642 4.025529)
(-1.073319 1.016893 4.034881)
(-1.074344 1.015618 4.047526)
(-1.074977 1.014811 4.062201)
(-1.075737 1.013813 4.077222)
(-1.076571 1.012681 4.092491)
(-1.077405 1.011513 4.107116)
(-1.079073 1.009101 4.113968)
(-1.080888 1.006439 4.114185)
(-1.082702 1.003777 4.115517)
(-1.084950 1.000469 4.118135)
(-1.087703 0.996396 4.120803)
(-1.090716 0.991910 4.123001)
(-1.092999 0.988496 4.125595)
(-1.094496 0.986245 4.128263)
(-1.095979 0.984001 4.130559)
(-1.097122 0.982265 4.135703)
(-1.098347 0.980381 4.145574)
(-1.099291 0.978898 4.158194)
(-1.099791 0.978090 4.173090)
(-1.100200 0.977407 4.188755)
(-1.100500 0.976888 4.204765)
(-1.100813 0.976325 4.222162)
(-1.101173 0.975650 4.240228)
(-1.101618 0.974779 4.254605)
(-1.102448 0.973093 4.264378)
(-1.103553 0.970795 4.267045)
(-1.104888 0.967998 4.270729)
(-1.106539 0.964506 4.274164)
(-1.108482 0.960359 4.276485)
(-1.110719 0.955557 4.278410)
(-1.113120 0.950377 4.280682)
(-1.115681 0.944817 4.282905)
(-1.118300 0.939099 4.285151)
(-1.121096 0.932958 4.286854)
(-1.123667 0.927285 4.289868)
(-1.125433 0.923358 4.293477)
(-1.126875 0.920119 4.296170)
(-1.127888 0.917826 4.301808)
(-1.128962 0.915359 4.312348)
(-1.129939 0.913050 4.325809)
(-1.130694 0.911196 4.340384)
(-1.131216 0.909856 4.355504)
(-1.131634 0.908737 4.370376)
(-1.131993 0.907727 4.386486)
(-1.132243 0.906986 4.403091)
(-1.132370 0.906590 4.420117)
(-1.132524 0.906077 4.437737)
(-1.132703 0.905444 4.453302)
(-1.133129 0.903834 4.459683)
(-1.133698 0.901631 4.460916)
(-1.134447 0.898719 4.463583)
(-1.135247 0.895567 4.466870)
(-1.136249 0.891568 4.468499)
(-1.137422 0.886858 4.469954)
(-1.138712 0.881641 4.471805)
(-1.140130 0.875859 4.474275)
(-1.141599 0.869806 4.475804)
(-1.143034 0.863855 4.477506)
(-1.144118 0.859327 4.480422)
(-1.144883 0.856086 4.482297)
(-1.145494 0.853481 4.486896)
(-1.145969 0.851408 4.496619)
(-1.146378 0.849541 4.508150)
(-1.146741 0.847788 4.523244)
(-1.146983 0.846526 4.537993)
(-1.147188 0.845365 4.552964)
(-1.147368 0.844246 4.569198)
(-1.147508 0.843276 4.585530)
(-1.147591 0.842621 4.601764)
(-1.147627 0.842299 4.618220)
(-1.147684 0.841688 4.635444)
(-1.147750 0.840835 4.649574)
(-1.147832 0.839539 4.655088)
(-1.147943 0.837602 4.656667)
(-1.148104 0.834706 4.658097)
(-1.148296 0.831185 4.660394)
(-1.148494 0.827374 4.661551)
(-1.148766 0.822022 4.663155)
(-1.149036 0.816548 4.665476)
(-1.149232 0.812370 4.667451)
(-1.149363 0.809470 4.669352)
(-1.149477 0.806812 4.671797)
(-1.149554 0.804917 4.676916)
(-1.149625 0.802915 4.685847)
(-1.149670 0.801233 4.696684)
(-1.149695 0.799612 4.710814)
(-1.149697 0.798510 4.725215)
(-1.149683 0.797423 4.740335)
(-1.149656 0.796443 4.756321)
(-1.149623 0.795692 4.772604)
(-1.149590 0.795156 4.788937)
(-1.149533 0.794409 4.805616)
(-1.149422 0.793223 4.819176)
(-1.149201 0.791157 4.823403)
(-1.148897 0.788427 4.823322)
(-1.148577 0.785560 4.824851)
(-1.148152 0.781798 4.824994)
(-1.147612 0.777019 4.825681)
(-1.147039 0.771984 4.826541)
(-1.146413 0.766524 4.828367)
(-1.145844 0.761641 4.829895)
(-1.145413 0.757987 4.831548)
(-1.145044 0.754907 4.835082)
(-1.144737 0.752419 4.840250)
(-1.144429 0.750024 4.849502)
(-1.144129 0.747843 4.861799)
(-1.143878 0.746180 4.875507)
(-1.143652 0.744807 4.889611)
(-1.143442 0.743632 4.903913)
(-1.143255 0.742669 4.919825)
(-1.143075 0.741815 4.936430)
(-1.142973 0.741365 4.953034)
(-1.142950 0.741273 4.970183)
(-1.142786 0.740651 4.987901)
(-1.142574 0.739901 5.002847)
(-1.141988 0.737939 5.008485)
(-1.141137 0.735150 5.009915)
(-1.140260 0.732289 5.011939)
(-1.139241 0.728993 5.013145)
(-1.137921 0.724735 5.014501)
(-1.136372 0.719765 5.016352)
(-1.134942 0.715206 5.018202)
(-1.133935 0.712017 5.020523)
(-1.133129 0.709484 5.023091)
(-1.132362 0.707097 5.028284)
(-1.131631 0.704859 5.037759)
(-1.130947 0.702832 5.050081)
(-1.130410 0.701302 5.064383)
(-1.129961 0.700082 5.079230)
(-1.129555 0.699024 5.094448)
(-1.129178 0.698086 5.110929)
(-1.128839 0.697281 5.127707)
(-1.128653 0.696859 5.144782)
(-1.128556 0.696648 5.162426)
(-1.128528 0.696590 5.180071)
(-1.128313 0.696165 5.197864)
(-1.128028 0.695624 5.212760)
(-1.127412 0.694497 5.218448)
(-1.126072 0.692080 5.220001)
(-1.124409 0.689091 5.222149)
(-1.122569 0.685799 5.223752)
(-1.120454 0.682031 5.225974)
(-1.118039 0.677750 5.228542)
(-1.115417 0.673129 5.230863)
(-1.112724 0.668408 5.232367)
(-1.110342 0.664248 5.234663)
(-1.108757 0.661495 5.238395)
(-1.107299 0.658984 5.242869)
(-1.106054 0.656861 5.251874)
(-1.104759 0.654697 5.264097)
(-1.103981 0.653434 5.278349)
(-1.103267 0.652310 5.292479)
(-1.102555 0.651222 5.306509)
(-1.101989 0.650385 5.322346)
(-1.101558 0.649769 5.338257)
(-1.101369 0.649506 5.353847)
(-1.101275 0.649381 5.370006)
(-1.101189 0.649270 5.386858)
(-1.101235 0.649327 5.403289)
(-1.101379 0.649501 5.419993)
(-1.101476 0.649614 5.437315)
(-1.101404 0.649533 5.454663)
(-1.100991 0.649082 5.469782)
(-1.099846 0.647872 5.477029)
(-1.098050 0.645999 5.477245)
(-1.096189 0.644061 5.478724)
(-1.093818 0.641597 5.479659)
(-1.090776 0.638444 5.480618)
(-1.087456 0.635007 5.481998)
(-1.084609 0.632069 5.483354)
(-1.082566 0.629966 5.485006)
(-1.080721 0.628073 5.488911)
(-1.079221 0.626546 5.493682)
(-1.077682 0.624994 5.503552)
(-1.076540 0.623865 5.516616)
(-1.075878 0.623228 5.531809)
(-1.075306 0.622694 5.547151)
(-1.074727 0.622169 5.562814)
(-1.074311 0.621805 5.579839)
(-1.074099 0.621625 5.597483)
(-1.074238 0.621738 5.615449)
(-1.074463 0.621916 5.633538)
(-1.074691 0.622089 5.652469)
(-1.074590 0.622015 5.671078)
(-1.074377 0.621866 5.687806)
(-1.073213 0.621077 5.697157)
(-1.071458 0.619912 5.698710)
(-1.069611 0.618690 5.700882)
(-1.067061 0.617011 5.701197)
(-1.063912 0.614939 5.701562)
(-1.060136 0.612457 5.701729)
(-1.056589 0.610125 5.702787)
(-1.053743 0.608259 5.704166)
(-1.049681 0.605603 5.706858)
(-1.045074 0.602609 5.705960)
(-1.040291 0.599494 5.700310)
(-1.035550 0.596369 5.698199)
(-1.030625 0.593107 5.695890)
(-1.025187 0.589487 5.695685)
(-1.019152 0.585468 5.695604)
(-1.012723 0.581186 5.696464)
(-1.006113 0.576792 5.696581)
(-0.999427 0.572347 5.697169)
(-0.992483 0.567738 5.697261)
(-0.985221 0.562919 5.696834)
(-0.977719 0.557935 5.697100)
(-0.970280 0.552996 5.697118)
(-0.962752 0.547998 5.697854)
(-0.955092 0.542922 5.697575)
(-0.947205 0.537691 5.697321)
(-0.939243 0.532407 5.697141)
(-0.931206 0.527072 5.697506)
(-0.923141 0.521723 5.698069)
(-0.914870 0.516243 5.698062)
(-0.906599 0.510763 5.698476)
(-0.898198 0.505202 5.698692)
(-0.889783 0.499635 5.699156)
(-0.881404 0.494097 5.699150)
(-0.873012 0.488550 5.699514)
(-0.864542 0.482956 5.700424)
(-0.856028 0.477345 5.700566)
(-0.847476 0.471709 5.701327)
(-0.838842 0.466030 5.700676)
(-0.830353 0.460438 5.701190)
(-0.821695 0.454740 5.701084)
(-0.813088 0.449076 5.701201)
(-0.804519 0.443437 5.701641)
(-0.795859 0.437744 5.701733)
(-0.787223 0.432068 5.701875)
(-0.778510 0.426343 5.701893)
(-0.769835 0.420644 5.702332)
(-0.761196 0.414973 5.701880)
(-0.752483 0.409248 5.702047)
(-0.743845 0.403575 5.701546)
(-0.735160 0.397864 5.701366)
(-0.726552 0.392202 5.701137)
(-0.717869 0.386488 5.700610)
(-0.709303 0.380844 5.700628)
(-0.700597 0.375108 5.700622)
(-0.691916 0.369389 5.700293)
(-0.683123 0.363592 5.700188)
(-0.674407 0.357844 5.700156)
(-0.665780 0.352155 5.699803)
(-0.657105 0.346428 5.699697)
(-0.648391 0.340676 5.699146)
(-0.639732 0.334953 5.699115)
(-0.631009 0.329187 5.698564)
(-0.622264 0.323400 5.698928)
(-0.613530 0.317624 5.699070)
(-0.604909 0.311925 5.700227)
(-0.596180 0.306169 5.700023)
(-0.587465 0.300420 5.700165)
(-0.578787 0.294697 5.700233)
(-0.571268 0.289738 5.699681)
(-0.564439 0.285230 5.701160)
(-0.557311 0.280539 5.704594)
(-0.549616 0.275513 5.704538)
(-0.542420 0.270813 5.710299)
(-0.535492 0.266344 5.715887)
(-0.528540 0.261915 5.720460)
(-0.521219 0.257297 5.722682)
(-0.513668 0.252557 5.727254)
(-0.505836 0.247692 5.730986)
(-0.498116 0.242935 5.734544)
(-0.490484 0.238270 5.736914)
(-0.482670 0.233519 5.739259)
(-0.474859 0.228795 5.741529)
(-0.466854 0.223979 5.743751)
(-0.458930 0.219235 5.746368)
(-0.450981 0.214504 5.748713)
(-0.443033 0.209800 5.750736)
(-0.434892 0.205003 5.752586)
(-0.426768 0.200236 5.755277)
(-0.418592 0.195469 5.757869)
(-0.410430 0.190738 5.760635)
(-0.402269 0.186037 5.763227)
(-0.394068 0.181342 5.766315)
(-0.385906 0.176703 5.768734)
(-0.377600 0.172008 5.771499)
(-0.369428 0.167419 5.774487)
(-0.361175 0.162817 5.777624)
(-0.352974 0.158277 5.780712)
(-0.344599 0.153675 5.784022)
(-0.336276 0.149137 5.787728)
(-0.327815 0.144564 5.791385)
(-0.319539 0.140131 5.795140)
(-0.311166 0.135686 5.798574)
(-0.302818 0.131291 5.802379)
(-0.294494 0.126949 5.804427)
(-0.286094 0.122589 5.807860)
(-0.277678 0.118257 5.810997)
(-0.269290 0.113973 5.813936)
(-0.260971 0.109755 5.816429)
(-0.252436 0.105455 5.819640)
(-0.243998 0.101237 5.821440)
(-0.235607 0.097061 5.823884)
(-0.227205 0.092906 5.826006)
(-0.218753 0.088748 5.828326)
(-0.210237 0.084583 5.830151)
(-0.201714 0.080434 5.832644)
(-0.193208 0.076319 5.835088)
(-0.184636 0.072199 5.837507)
(-0.176137 0.068139 5.840421)
(-0.167558 0.064071 5.842889)
(-0.159175 0.060121 5.845605)
(-0.151847 0.056693 5.848197)
(-0.146489 0.054203 5.852176)
(-0.142310 0.052281 5.855090)
(-0.139222 0.050872 5.859836)
(-0.136337 0.049572 5.866686)
(-0.133820 0.048459 5.877497)
(-0.131502 0.047463 5.892120)
(-0.129171 0.046502 5.908427)
(-0.126895 0.045607 5.925327)
(-0.124933 0.044873 5.943614)
(-0.123519 0.044373 5.961827)
(-0.122458 0.044020 5.979668)
(-0.121595 0.043750 5.998500)
(-0.120888 0.043543 6.017604)
(-0.120546 0.043450 6.036609)
(-0.120453 0.043427 6.055787)
(-0.120523 0.043443 6.075905)
(-0.120684 0.043477 6.096123)
(-0.120950 0.043527 6.116069)
(-0.121623 0.043641 6.136385)
(-0.122344 0.043747 6.157073)
(-0.122433 0.043759 6.177366)
(-0.122356 0.043750 6.195380)
(-0.120803 0.043614 6.205597)
(-0.118869 0.043463 6.209130)
(-0.116692 0.043302 6.212910)
(-0.113646 0.043087 6.215577)
(-0.109747 0.042823 6.217278)
(-0.105193 0.042523 6.218335)
(-0.100181 0.042197 6.219219)
(-0.094758 0.041850 6.220524)
(-0.089866 0.041543 6.221805)
(-0.086240 0.041320 6.223110)
(-0.083341 0.041146 6.226445)
(-0.080244 0.040970 6.232973)
(-0.077607 0.040837 6.242645)
(-0.075043 0.040733 6.247936)
(-0.073502 0.040679 6.250701)
(-0.073149 0.040668 6.250299)
(-0.072538 0.040648 6.254970)
(-0.072109 0.040635 6.262142)
(-0.072046 0.040634 6.272309)
(-0.072318 0.040637 6.283145)
(-0.072621 0.040637 6.295045)
(-0.073106 0.040631 6.308282)
(-0.073805 0.040614 6.323029)
(-0.074534 0.040585 6.338222)
(-0.075430 0.040535 6.353884)
(-0.076462 0.040462 6.369844)
(-0.077645 0.040359 6.386349)
(-0.078857 0.040234 6.402804)
(-0.080111 0.040083 6.419284)
(-0.081590 0.039881 6.436160)
(-0.083065 0.039653 6.452887)
(-0.084611 0.039388 6.469738)
(-0.086093 0.039109 6.486936)
(-0.087719 0.038773 6.504505)
(-0.089234 0.038432 6.521380)
(-0.090967 0.038011 6.538801)
(-0.092676 0.037564 6.555899)
(-0.094349 0.037097 6.573419)
(-0.096028 0.036595 6.590715)
(-0.097843 0.036019 6.608235)
(-0.099560 0.035440 6.626002)
(-0.101125 0.034882 6.643991)
(-0.102123 0.034505 6.661808)
(-0.102292 0.034438 6.677619)
(-0.101686 0.034690 6.685186)
(-0.100337 0.035264 6.687134)
(-0.098596 0.036008 6.689330)
(-0.095805 0.037208 6.691278)
(-0.092007 0.038850 6.693027)
(-0.087849 0.040656 6.694604)
(-0.083372 0.042610 6.695735)
(-0.078295 0.044832 6.697114)
(-0.072816 0.047239 6.698592)
(-0.066894 0.049851 6.699525)
(-0.060626 0.052623 6.700978)
(-0.054082 0.055528 6.703074)
(-0.047252 0.058577 6.705196)
(-0.040275 0.061710 6.706896)
(-0.033080 0.064954 6.708820)
(-0.025656 0.068320 6.710842)
(-0.018127 0.071752 6.713112)
(-0.010509 0.075245 6.715580)
(-0.002830 0.078789 6.717701)
(0.004966 0.082407 6.720070)
(0.012974 0.086147 6.722192)
(0.021002 0.089916 6.724833)
(0.029103 0.093747 6.727252)
(0.037195 0.097596 6.729868)
(0.045359 0.101507 6.732534)
(0.053499 0.105432 6.735349)
(0.061738 0.109434 6.737940)
(0.069268 0.113116 6.740681)
(0.075143 0.116008 6.745451)
(0.079900 0.118378 6.748290)
(0.083601 0.120236 6.751525)
(0.086670 0.121788 6.759662)
(0.089468 0.123232 6.771463)
(0.091857 0.124502 6.786779)
(0.094173 0.125778 6.803629)
(0.096347 0.127024 6.820876)
(0.098263 0.128166 6.838197)
(0.101690 0.130291 6.849305)
(0.104512 0.132084 6.854570)
(0.108005 0.134330 6.859390)
(0.111513 0.136609 6.863120)
(0.115548 0.139253 6.865266)
(0.120062 0.142224 6.866967)
(0.124915 0.145429 6.868519)
(0.130081 0.148854 6.870244)
(0.135610 0.152532 6.872168)
(0.141348 0.156365 6.874512)
(0.147444 0.160458 6.877054)
(0.153732 0.164704 6.880661)
(0.160118 0.169049 6.883772)
(0.166743 0.173587 6.887527)
(0.173501 0.178254 6.891382)
(0.180354 0.183026 6.895409)
(0.187325 0.187921 6.899635)
(0.194363 0.192908 6.903563)
(0.201543 0.198037 6.907740)
(0.208713 0.203206 6.911693)
(0.216023 0.208519 6.915671)
(0.223300 0.213853 6.918610)
(0.230660 0.219280 6.922291)
(0.238048 0.224770 6.925056)
(0.245421 0.230281 6.927374)
(0.252805 0.235828 6.930040)
(0.259956 0.241228 6.932631)
(0.265136 0.245162 6.936089)
(0.269262 0.248317 6.941477)
(0.272684 0.250963 6.949614)
(0.275555 0.253221 6.960299)
(0.278021 0.255204 6.972273)
(0.280227 0.257021 6.986573)
(0.282570 0.259008 7.001740)
(0.284777 0.260938 7.018120)
(0.286952 0.262904 7.033113)
(0.290092 0.265829 7.040582)
(0.293132 0.268703 7.044163)
(0.296581 0.271988 7.046334)
(0.300365 0.275607 7.049519)
(0.304412 0.279503 7.052606)
(0.308733 0.283688 7.054702)
(0.313406 0.288233 7.056971)
(0.318494 0.293204 7.059265)
(0.323767 0.298380 7.062055)
(0.329265 0.303806 7.064275)
(0.334783 0.309276 7.067361)
(0.340414 0.314894 7.069680)
(0.345309 0.319800 7.072024)
(0.348698 0.323212 7.075754)
(0.351327 0.325879 7.077701)
(0.353137 0.327723 7.082124)
(0.354865 0.329498 7.091251)
(0.356218 0.330914 7.101986)
(0.357316 0.332088 7.115841)
(0.358264 0.333130 7.129944)
(0.359610 0.334652 7.144145)
(0.360983 0.336250 7.156366)
(0.363416 0.339152 7.160344)
(0.365690 0.341887 7.160806)
(0.368255 0.344976 7.162209)
(0.371128 0.348444 7.165172)
(0.374408 0.352428 7.167218)
(0.378067 0.356890 7.169215)
(0.381987 0.361691 7.170346)
(0.386220 0.366886 7.172739)
(0.390671 0.372377 7.174835)
(0.395293 0.378102 7.176412)
(0.400058 0.384025 7.178359)
(0.404965 0.390147 7.180579)
(0.409497 0.395827 7.182428)
(0.412783 0.399962 7.185266)
(0.415208 0.403031 7.186719)
(0.417299 0.405685 7.191662)
(0.419094 0.407987 7.201259)
(0.420821 0.410246 7.212588)
(0.422248 0.412156 7.226765)
(0.423548 0.413951 7.241288)
(0.424858 0.415813 7.256356)
(0.425923 0.417379 7.268626)
(0.427686 0.420039 7.276689)
(0.429753 0.423212 7.276928)
(0.431877 0.426474 7.277786)
(0.434097 0.429892 7.280279)
(0.436666 0.433867 7.282622)
(0.439647 0.438503 7.284719)
(0.442954 0.443672 7.287161)
(0.446438 0.449146 7.289332)
(0.450098 0.454923 7.291255)
(0.453974 0.461069 7.293475)
(0.457959 0.467417 7.295274)
(0.462143 0.474110 7.297470)
(0.466054 0.480396 7.300110)
(0.469137 0.485382 7.303494)
(0.471382 0.489039 7.305516)
(0.473238 0.492078 7.311499)
(0.474683 0.494474 7.321764)
(0.476133 0.496937 7.334134)
(0.477287 0.498953 7.349523)
(0.478395 0.500960 7.365012)
(0.479264 0.502594 7.381317)
(0.480002 0.504036 7.397920)
(0.480909 0.505886 7.413755)
(0.482250 0.508733 7.422906)
(0.483813 0.512132 7.424508)
(0.485600 0.516032 7.426431)
(0.487461 0.520116 7.429542)
(0.489548 0.524735 7.432455)
(0.491897 0.529973 7.434873)
(0.494425 0.535648 7.437019)
(0.497139 0.541775 7.439090)
(0.499958 0.548174 7.441360)
(0.502884 0.554859 7.443332)
(0.505937 0.561871 7.445403)
(0.508957 0.568847 7.447103)
(0.511555 0.574875 7.449224)
(0.513419 0.579226 7.451989)
(0.514937 0.582797 7.453590)
(0.516022 0.585360 7.459077)
(0.517080 0.587900 7.467412)
(0.518066 0.590321 7.479088)
(0.518883 0.592397 7.493513)
(0.519595 0.594285 7.508308)
(0.520237 0.596069 7.522955)
(0.520828 0.597789 7.538320)
(0.521430 0.599632 7.551531)
(0.522390 0.602708 7.556053)
(0.523465 0.606210 7.555971)
(0.524572 0.609815 7.558092)
(0.525841 0.613977 7.560881)
(0.527323 0.618888 7.563769)
(0.528918 0.624227 7.565692)
(0.530662 0.630111 7.567343)
(0.532514 0.636392 7.569811)
(0.534449 0.643016 7.571932)
(0.536454 0.649936 7.573978)
(0.538331 0.656465 7.576421)
(0.539745 0.661427 7.579854)
(0.540795 0.665162 7.582049)
(0.541694 0.668386 7.586646)
(0.542409 0.670996 7.596119)
(0.543122 0.673700 7.607548)
(0.543670 0.675879 7.622170)
(0.544088 0.677650 7.637262)
(0.544486 0.679456 7.652553)
(0.544810 0.681042 7.664898)
(0.545427 0.684267 7.673257)
(0.546061 0.687736 7.673843)
(0.546704 0.691266 7.675395)
(0.547425 0.695262 7.677738)
(0.548279 0.700057 7.680651)
(0.549235 0.705516 7.683020)
(0.550232 0.711292 7.684992)
(0.551316 0.717643 7.687509)
(0.552444 0.724357 7.690100)
(0.553614 0.731436 7.692196)
(0.554669 0.737899 7.694490)
(0.555377 0.742300 7.696389)
(0.555958 0.745953 7.698262)
(0.556377 0.748625 7.706225)
(0.556823 0.751619 7.717704)
(0.557172 0.754163 7.732326)
(0.557407 0.756090 7.745785)
(0.557586 0.757732 7.761273)
(0.557717 0.759148 7.775920)
(0.557866 0.761053 7.793067)
(0.557963 0.762639 7.807590)
(0.558038 0.764257 7.814489)
(0.558153 0.767157 7.817278)
(0.558278 0.770558 7.819647)
(0.558408 0.774342 7.823055)
(0.558538 0.778554 7.825126)
(0.558681 0.783498 7.826752)
(0.558831 0.789022 7.828254)
(0.558986 0.795035 7.830128)
(0.559147 0.801780 7.831878)
(0.559301 0.808755 7.833826)
(0.559419 0.814601 7.836442)
(0.559491 0.818723 7.840297)
(0.559538 0.822116 7.843557)
(0.559564 0.824623 7.848054)
(0.559580 0.827405 7.856761)
(0.559574 0.829820 7.868734)
(0.559544 0.831853 7.883580)
(0.559489 0.833702 7.898400)
(0.559411 0.835459 7.913221)
(0.559326 0.836893 7.929329)
(0.559179 0.838842 7.942343)
(0.558862 0.842416 7.947088)
(0.558550 0.845760 7.947526)
(0.558199 0.849499 7.949549)
(0.557790 0.853769 7.951126)
(0.557302 0.858768 7.952232)
(0.556739 0.864480 7.953834)
(0.556141 0.870450 7.955212)
(0.555507 0.876692 7.956814)
(0.554943 0.882158 7.958688)
(0.554531 0.886076 7.961775)
(0.554186 0.889267 7.963772)
(0.553943 0.891471 7.969013)
(0.553689 0.893674 7.978313)
(0.553465 0.895465 7.989099)
(0.553248 0.897057 8.003028)
(0.553035 0.898479 8.017551)
(0.552806 0.899868 8.032075)
(0.552583 0.901103 8.047638)
(0.552272 0.902692 8.063498)
(0.551986 0.904037 8.077403)
(0.551491 0.906212 8.083312)
(0.550766 0.909319 8.083652)
(0.549922 0.912931 8.085426)
(0.549046 0.916645 8.086706)
(0.547979 0.921146 8.087466)
(0.546750 0.926315 8.088127)
(0.545404 0.931957 8.089357)
(0.543966 0.937955 8.090241)
(0.542444 0.944277 8.091094)
(0.540909 0.950628 8.092342)
(0.539745 0.955419 8.095249)
(0.538927 0.958742 8.098156)
(0.538240 0.961502 8.102251)
(0.537676 0.963726 8.110752)
(0.537117 0.965856 8.122793)
(0.536609 0.967699 8.136370)
(0.536085 0.969505 8.151381)
(0.535654 0.970910 8.166616)
(0.535067 0.972728 8.182570)
(0.534480 0.974448 8.194983)
(0.533622 0.976866 8.202964)
(0.532672 0.979477 8.203668)
(0.531443 0.982847 8.204767)
(0.530064 0.986618 8.205792)
(0.528522 0.990816 8.206496)
(0.526741 0.995659 8.208016)
(0.524767 1.001000 8.209339)
(0.522764 1.006396 8.210315)
(0.521135 1.010773 8.212528)
(0.519988 1.013834 8.215806)
(0.518911 1.016679 8.221114)
(0.518126 1.018720 8.228601)
(0.517259 1.020925 8.240173)
(0.516442 1.022936 8.254370)
(0.515727 1.024626 8.269654)
(0.515109 1.026025 8.284790)
(0.514419 1.027526 8.301089)
(0.513864 1.028682 8.316473)
(0.512461 1.031497 8.325048)
(0.510944 1.034477 8.325307)
(0.509419 1.037469 8.325541)
(0.507644 1.040950 8.326294)
(0.505525 1.045096 8.326651)
(0.503072 1.049894 8.327429)
(0.500552 1.054813 8.329048)
(0.498576 1.058655 8.330742)
(0.497167 1.061382 8.333080)
(0.495828 1.063960 8.336409)
(0.494878 1.065775 8.341322)
(0.493861 1.067694 8.349602)
(0.493111 1.069080 8.361001)
(0.492339 1.070470 8.374925)
(0.491623 1.071718 8.389441)
(0.491030 1.072718 8.403637)
(0.490374 1.073788 8.419168)
(0.489589 1.075027 8.435592)
(0.488758 1.076290 8.448747)
(0.487277 1.078479 8.454500)
(0.485440 1.081162 8.455798)
(0.483461 1.084044 8.457417)
(0.481191 1.087337 8.458790)
(0.478535 1.091179 8.459171)
(0.475487 1.095586 8.460469)
(0.472180 1.100352 8.461767)
(0.468632 1.105453 8.463411)
(0.465408 1.110072 8.464437)
(0.463080 1.113399 8.467888)
(0.461064 1.116260 8.471067)
(0.459348 1.118678 8.477118)
(0.457814 1.120813 8.487155)
(0.456385 1.122760 8.498775)
(0.455145 1.124409 8.513466)
(0.453974 1.125919 8.528502)
(0.452981 1.127162 8.543044)
(0.452076 1.128260 8.558948)
(0.451302 1.129169 8.575148)
(0.450786 1.129756 8.591101)
(0.450169 1.130436 8.607400)
(0.449269 1.131395 8.623155)
(0.448430 1.132262 8.632721)
(0.446853 1.133860 8.633821)
(0.444513 1.136227 8.634153)
(0.441656 1.139113 8.634089)
(0.438639 1.142163 8.634719)
(0.435168 1.145666 8.637304)
(0.431311 1.149539 8.640112)
(0.427120 1.153724 8.643365)
(0.422785 1.158025 8.645108)
(0.419072 1.161695 8.646752)
(0.416440 1.164289 8.649932)
(0.414179 1.166502 8.653903)
(0.412370 1.168260 8.662355)
(0.410535 1.170012 8.673110)
(0.408938 1.171505 8.686687)
(0.407638 1.172688 8.701624)
(0.406274 1.173892 8.715942)
(0.405089 1.174907 8.731029)
(0.404113 1.175719 8.746535)
(0.403456 1.176248 8.762265)
(0.402708 1.176832 8.778144)
(0.401927 1.177421 8.792859)
(0.400818 1.178233 8.799479)
(0.398713 1.179753 8.799738)
(0.395902 1.181781 8.800640)
(0.392879 1.183958 8.802433)
(0.389518 1.186370 8.804226)
(0.385754 1.189060 8.806242)
(0.382570 1.191326 8.808852)
(0.380575 1.192738 8.811289)
(0.378713 1.194049 8.815112)
(0.377271 1.195057 8.824159)
(0.375694 1.196137 8.836150)
(0.374460 1.196960 8.850766)
(0.373817 1.197377 8.866001)
(0.373167 1.197783 8.880642)
(0.372472 1.198203 8.896669)
(0.371785 1.198604 8.913538)
(0.370892 1.199105 8.927312)
(0.368986 1.200140 8.932991)
(0.366133 1.201668 8.933695)
(0.363037 1.203324 8.934968)
(0.359642 1.205134 8.936934)
(0.355664 1.207245 8.938703)
(0.352181 1.209085 8.940719)
(0.349951 1.210258 8.942858)
(0.347905 1.211328 8.945344)
(0.346128 1.212252 8.949216)
(0.344646 1.213015 8.957866)
(0.343526 1.213580 8.969016)
(0.342618 1.214024 8.982741)
(0.341719 1.214450 8.996590)
(0.341077 1.214743 9.010859)
(0.340140 1.215155 9.026119)
(0.339000 1.215635 9.038779)
(0.337018 1.216440 9.042156)
(0.334143 1.217597 9.041993)
(0.330674 1.218994 9.042821)
(0.327004 1.220468 9.044812)
(0.322723 1.222178 9.046803)
(0.318891 1.223699 9.049661)
(0.316675 1.224572 9.050908)
(0.314782 1.225315 9.052304)
(0.313129 1.225961 9.057042)
(0.311502 1.226588 9.066434)
(0.310212 1.227071 9.078351)
(0.309176 1.227445 9.092422)
(0.308409 1.227710 9.106492)
(0.307855 1.227892 9.120983)
(0.307473 1.228012 9.136168)
(0.307338 1.228052 9.151501)
(0.307570 1.227987 9.166784)
(0.307273 1.228065 9.182612)
(0.306635 1.228223 9.196856)
(0.305206 1.228554 9.201743)
(0.302869 1.229084 9.201059)
(0.299683 1.229809 9.202009)
(0.296348 1.230565 9.203677)
(0.292281 1.231479 9.205148)
(0.287424 1.232563 9.206989)
(0.282103 1.233741 9.208508)
(0.276839 1.234897 9.210004)
(0.272753 1.235789 9.212638)
(0.270080 1.236364 9.214703)
(0.267821 1.236846 9.218029)
(0.266159 1.237195 9.225738)
(0.264629 1.237503 9.237382)
(0.263486 1.237720 9.251428)
(0.262550 1.237884 9.265919)
(0.261688 1.238022 9.279940)
(0.260975 1.238126 9.295149)
(0.260427 1.238197 9.310606)
(0.260105 1.238234 9.325840)
(0.259707 1.238274 9.341074)
(0.259083 1.238326 9.352124)
(0.257910 1.238411 9.358496)
(0.255716 1.238557 9.356426)
(0.252563 1.238773 9.357154)
(0.249105 1.239007 9.359119)
(0.245008 1.239277 9.361951)
(0.240284 1.239574 9.364089)
(0.235073 1.239890 9.366326)
(0.232481 1.240042 9.368812)
(0.230175 1.240171 9.371519)
(0.228555 1.240258 9.376431)
(0.227133 1.240326 9.385847)
(0.225985 1.240371 9.396823)
(0.225219 1.240393 9.411067)
(0.224605 1.240401 9.425558)
(0.224280 1.240401 9.439852)
(0.223956 1.240396 9.455927)
(0.223860 1.240393 9.472498)
(0.223994 1.240399 9.489094)
(0.223566 1.240372 9.505788)
(0.222759 1.240306 9.520848)
(0.220751 1.240113 9.527245)
(0.217972 1.239827 9.527724)
(0.215193 1.239540 9.529170)
(0.211731 1.239177 9.531283)
(0.207390 1.238713 9.532605)
(0.202488 1.238183 9.534026)
(0.198314 1.237725 9.535322)
(0.195476 1.237410 9.537386)
(0.193076 1.237139 9.539796)
(0.191238 1.236926 9.544210)
(0.189673 1.236738 9.553873)
(0.188428 1.236577 9.566359)
(0.187563 1.236453 9.581294)
(0.186867 1.236344 9.596577)
(0.186307 1.236246 9.612206)
(0.185883 1.236166 9.629493)
(0.185775 1.236143 9.647325)
(0.185950 1.236183 9.664909)
(0.185696 1.236121 9.683039)
(0.185282 1.236011 9.700326)
(0.184017 1.235654 9.709395)
(0.182083 1.235088 9.711261)
(0.179930 1.234454 9.713348)
(0.177047 1.233598 9.714075)
(0.173258 1.232470 9.714727)
(0.169089 1.231226 9.715181)
(0.165080 1.230028 9.716502)
(0.162302 1.229194 9.718194)
(0.160108 1.228531 9.721916)
(0.157871 1.227846 9.726208)
(0.156105 1.227297 9.734980)
(0.154460 1.226770 9.746945)
(0.153617 1.226488 9.761510)
(0.152923 1.226245 9.776867)
(0.152475 1.226081 9.792446)
(0.152173 1.225965 9.808917)
(0.152099 1.225935 9.826204)
(0.152307 1.226023 9.843913)
(0.152736 1.226214 9.861869)
(0.152927 1.226303 9.879800)
(0.152830 1.226256 9.896667)
(0.151986 1.225825 9.905686)
(0.150659 1.225133 9.907701)
(0.149009 1.224268 9.909368)
(0.146808 1.223109 9.908980)
(0.143822 1.221539 9.908395)
(0.140173 1.219622 9.908032)
(0.136078 1.217473 9.909328)
(0.132011 1.215332 9.911219)
(0.128826 1.213648 9.913010)
(0.126600 1.212466 9.917376)
(0.124324 1.211244 9.922632)
(0.122913 1.210477 9.932221)
(0.120962 1.209392 9.944929)
(0.119531 1.208572 9.957365)
(0.118767 1.208122 9.963884)
(0.117928 1.207621 9.965477)
(0.117012 1.207071 9.965337)
(0.116633 1.206843 9.963068)
(0.116660 1.206859 9.962358)
(0.116870 1.206984 9.961179)
(0.116948 1.207031 9.961336)
(0.116922 1.207015 9.961740)
(0.116922 1.207015 9.962047)
(0.116922 1.207015 9.961857)
(0.116922 1.207015 9.961890)
(0.116922 1.207015 9.961750)
(0.116922 1.207015 9.961808)
(0.116922 1.207015 9.961842)
(0.116922 1.207015 9.961751)
(0.116922 1.207015 9.961809)
(0.116922 1.207015 9.961743)
(0.116922 1.207015 9.961776)
(0.116922 1.207015 9.961734)
(0.116922 1.207015 9.961741)
(0.116922 1.207015 9.961699)
(0.116922 1.207015 9.961633)
(0.116922 1.207015 9.961665)
(0.116922 1.207015 9.961623)
(0.116922 1.207015 9.961631)
(0.116922 1.207015 9.961638)
(0.116922 1.207015 9.961572)
(0.116922 1.207015 9.961579)
(0.116922 1.207015 9.961513)
(0.116922 1.207015 9.961520)
(0.116922 1.207015 9.961478)
(0.116922 1.207015 9.961436)
(0.116922 1.207015 9.961444)
(0.116922 1.207015 9.961377)
(0.116922 1.207015 9.961410)
(0.116922 1.207015 9.961368)
(0.116922 1.207015 9.961326)
(0.116922 1.207015 9.961284)
(0.116922 1.207015 9.961242)
(0.116922 1.207015 9.961225)
(0.116922 1.207015 9.961158)
(0.116922 1.207015 9.961141)
(0.116922 1.207015 9.961123)
(0.116922 1.207015 9.961082)
(0.116922 1.207015 9.961064)
(0.116922 1.207015 9.961047)
(0.116922 1.207015 9.961055)
(0.116922 1.207015 9.961038)
(0.116922 1.207015 9.961020)
(0.116922 1.207015 9.961028)
(0.116922 1.207015 9.960986)
(0.116922 1.207015 9.960994)
(0.116922 1.207015 9.960977)
(0.116922 1.207015 9.960935)
(0.116922 1.207015 9.960917)
(0.116922 1.207015 9.960876)
(0.116922 1.207015 9.960858)
(0.116922 1.207015 9.960841)
(0.116922 1.207015 9.960849)
(0.116922 1.207015 9.960856)
(0.116922 1.207015 9.960814)
(0.116922 1.207015 9.960797)
(0.116922 1.207015 9.960755)
(0.116922 1.207015 9.960738)
(0.116922 1.207015 9.960721)
(0.116922 1.207015 9.960704)
(0.116922 1.207015 9.960687)
(0.116922 1.207015 9.960670)
(0.116922 1.207015 9.960652)
(0.116922 1.207015 9.960635)
(0.116922 1.207015 9.960643)
(0.116922 1.207015 9.960626)
(0.116922 1.207015 9.960633)
(0.116922 1.207015 9.960616)
(0.116922 1.207015 9.960574)
(0.116922 1.207015 9.960532)
)