((0.000000 0.000000 1.570796)
(0.000000 0.000000 1.570796)
(0.000000 0.000000 1.570793)
(0.000000 0.000000 1.570789)
(0.000000 0.000290 1.570785)
(0.000000 0.001266 1.570806)
(-0.000000 0.003112 1.567585)
(0.000008 0.005478 1.565897)
(0.000023 0.008668 1.564953)
(0.000047 0.012698 1.565766)
(0.000071 0.017446 1.566307)
(0.000094 0.022651 1.566947)
(0.000117 0.028497 1.566572)
(0.000143 0.034785 1.565925)
(0.000176 0.041639 1.565277)
(0.000217 0.048920 1.565348)
(0.000258 0.056445 1.565369)
(0.000301 0.064352 1.565217)
(0.000346 0.072442 1.565213)
(0.000393 0.080929 1.565606)
(0.000438 0.089614 1.565899)
(0.000482 0.098635 1.565722)
(0.000528 0.107610 1.565149)
(0.000580 0.116799 1.564551)
(0.000638 0.126094 1.563483)
(0.000708 0.135680 1.564098)
(0.000772 0.145251 1.564713)
(0.000831 0.154959 1.564214)
(0.000896 0.164788 1.564235)
(0.000961 0.174771 1.563860)
(0.001032 0.184952 1.564104)
(0.001100 0.195133 1.563605)
(0.001172 0.205192 1.563849)
(0.001243 0.215312 1.563375)
(0.001318 0.225463 1.563545)
(0.001393 0.235766 1.563442)
(0.001469 0.246099 1.563512)
(0.001544 0.256387 1.563261)
(0.001622 0.266812 1.563406)
(0.001700 0.277299 1.563304)
(0.001779 0.287861 1.562978)
(0.001860 0.298271 1.562603)
(0.001946 0.308742 1.562402)
(0.002033 0.319152 1.562695)
(0.002119 0.329653 1.562716)
(0.002203 0.340155 1.562738)
(0.002287 0.350534 1.563006)
(0.002370 0.361158 1.563126)
(0.002451 0.371766 1.563073)
(0.002532 0.382222 1.563763)
(0.002605 0.392678 1.563586)
(0.002680 0.403042 1.563855)
(0.002753 0.413467 1.563604)
(0.002828 0.423938 1.564046)
(0.002899 0.434516 1.563819)
(0.002973 0.445094 1.563395)
(0.003051 0.455657 1.563713)
(0.003126 0.466235 1.563487)
(0.003203 0.476752 1.563483)
(0.003281 0.487406 1.563207)
(0.003360 0.497877 1.563501)
(0.003438 0.508470 1.563349)
(0.003517 0.519048 1.562949)
(0.003599 0.529580 1.562648)
(0.003686 0.540188 1.562447)
(0.003775 0.550903 1.562121)
(0.003867 0.561450 1.562390)
(0.003955 0.571952 1.562386)
(0.004044 0.582499 1.562779)
(0.004128 0.592985 1.562379)
(0.004217 0.603640 1.562450)
(0.004306 0.614217 1.562694)
(0.004391 0.624810 1.561799)
(0.004487 0.635464 1.562637)
(0.004575 0.646164 1.561940)
(0.004668 0.656727 1.562605)
(0.004755 0.667274 1.562181)
(0.004846 0.677852 1.562127)
(0.004938 0.688445 1.562891)
(0.005022 0.699069 1.562764)
(0.005107 0.709646 1.563453)
(0.005186 0.720423 1.563153)
(0.005267 0.731107 1.563446)
(0.005345 0.741670 1.563616)
(0.005421 0.752248 1.563340)
(0.005499 0.762704 1.563460)
(0.005576 0.773175 1.563135)
(0.005656 0.783707 1.563354)
(0.005735 0.794285 1.562682)
(0.005821 0.804923 1.562480)
(0.005909 0.815486 1.562526)
(0.005997 0.826064 1.562250)
(0.006086 0.836565 1.562420)
(0.006176 0.847235 1.562466)
(0.006263 0.857675 1.562611)
(0.006349 0.868177 1.562682)
(0.006435 0.878739 1.562950)
(0.006518 0.889363 1.562897)
(0.006602 0.900002 1.562423)
(0.006691 0.910640 1.562618)
(0.006777 0.921203 1.562565)
(0.006865 0.931811 1.563081)
(0.006946 0.942374 1.563300)
(0.007025 0.952891 1.562826)
(0.007097 0.961959 1.563640)
(0.007156 0.970125 1.564106)
(0.007203 0.977208 1.566677)
(0.007232 0.984138 1.568629)
(0.007246 0.990715 1.570383)
(0.007248 0.995292 1.566171)
(0.007266 0.999165 1.554112)
(0.007318 1.002305 1.539181)
(0.007424 1.005642 1.523038)
(0.007582 1.008946 1.505755)
(0.007782 1.012019 1.487408)
(0.008029 1.014981 1.467502)
(0.008330 1.017877 1.447917)
(0.008690 1.020797 1.427912)
(0.009096 1.023619 1.408500)
(0.009544 1.026357 1.389658)
(0.010030 1.029011 1.371113)
(0.010563 1.031640 1.353633)
(0.011141 1.034260 1.335954)
(0.011751 1.036810 1.318375)
(0.012451 1.039526 1.300795)
(0.013147 1.042039 1.283711)
(0.013902 1.044597 1.266032)
(0.014680 1.047069 1.249121)
(0.015509 1.049557 1.231962)
(0.016370 1.052001 1.214903)
(0.017294 1.054487 1.197769)
(0.018233 1.056886 1.181006)
(0.019189 1.059213 1.164219)
(0.020184 1.061523 1.148372)
(0.021215 1.063817 1.132204)
(0.022276 1.066081 1.116778)
(0.023386 1.068355 1.101302)
(0.024490 1.070530 1.085901)
(0.025598 1.072634 1.070698)
(0.026717 1.074681 1.055545)
(0.027941 1.076843 1.040936)
(0.029166 1.078934 1.026104)
(0.030406 1.080981 1.011000)
(0.031661 1.082983 0.995797)
(0.032946 1.084966 0.980520)
(0.034278 1.086955 0.965935)
(0.035630 1.088911 0.950881)
(0.036985 1.090809 0.935950)
(0.038378 1.092700 0.921292)
(0.039807 1.094581 0.906683)
(0.041235 1.096406 0.892000)
(0.042661 1.098174 0.876920)
(0.044143 1.099955 0.862262)
(0.045631 1.101691 0.848000)
(0.047093 1.103349 0.833712)
(0.048630 1.105042 0.819302)
(0.050191 1.106713 0.805262)
(0.051754 1.108340 0.791222)
(0.053330 1.109933 0.776985)
(0.054927 1.111505 0.763515)
(0.056502 1.113012 0.749698)
(0.058064 1.114466 0.736178)
(0.059601 1.115858 0.722609)
(0.061213 1.117280 0.708644)
(0.062810 1.118649 0.695000)
(0.064508 1.120064 0.680738)
(0.066154 1.121398 0.666698)
(0.067915 1.122784 0.652213)
(0.069624 1.124089 0.637827)
(0.070726 1.124906 0.622946)
(0.072769 1.126373 0.611134)
(0.076030 1.128658 0.604348)
(0.079658 1.131163 0.596868)
(0.082914 1.133376 0.588844)
(0.086708 1.135910 0.581018)
(0.091070 1.138774 0.574925)
(0.096091 1.142027 0.569624)
(0.101475 1.145476 0.563778)
(0.107100 1.149031 0.556943)
(0.113111 1.152774 0.550726)
(0.119483 1.156688 0.545078)
(0.126282 1.160810 0.538168)
(0.133332 1.165019 0.531431)
(0.140384 1.169164 0.524917)
(0.147661 1.173378 0.517785)
(0.155312 1.177737 0.510379)
(0.162956 1.182016 0.503024)
(0.170872 1.186371 0.494678)
(0.178864 1.190682 0.486703)
(0.187038 1.195008 0.478308)
(0.195438 1.199363 0.469739)
(0.203766 1.203591 0.460675)
(0.212310 1.207831 0.451166)
(0.220949 1.212017 0.441335)
(0.229808 1.216202 0.431207)
(0.238958 1.220412 0.420707)
(0.247915 1.224419 0.410505)
(0.257137 1.228433 0.399337)
(0.266416 1.232349 0.388119)
(0.275824 1.236195 0.376952)
(0.285345 1.239964 0.365090)
(0.295010 1.243659 0.353403)
(0.304632 1.247208 0.342086)
(0.314278 1.250643 0.330894)
(0.324222 1.254059 0.319453)
(0.334176 1.257352 0.307568)
(0.344299 1.260567 0.295805)
(0.354284 1.263610 0.284142)
(0.364407 1.266566 0.271563)
(0.374492 1.269374 0.259504)
(0.384581 1.272053 0.247990)
(0.394774 1.274634 0.236104)
(0.405116 1.277122 0.225209)
(0.415469 1.279494 0.215130)
(0.425950 1.281784 0.204903)
(0.436275 1.283930 0.194205)
(0.446622 1.285965 0.185339)
(0.456867 1.287886 0.176003)
(0.467220 1.289727 0.166247)
(0.477500 1.291452 0.157406)
(0.487749 1.293079 0.149431)
(0.497981 1.294619 0.140070)
(0.508121 1.296049 0.131304)
(0.518379 1.297403 0.122785)
(0.528679 1.298674 0.113350)
(0.539005 1.299850 0.104162)
(0.549372 1.300934 0.095247)
(0.559703 1.301921 0.085589)
(0.570088 1.302812 0.076055)
(0.580558 1.303609 0.067586)
(0.590881 1.304308 0.058274)
(0.601196 1.304910 0.048691)
(0.611485 1.305411 0.039602)
(0.621717 1.305817 0.029845)
(0.632075 1.306126 0.019643)
(0.642404 1.306329 0.009317)
(0.652812 1.306426 -0.001059)
(0.663113 1.306415 -0.012053)
(0.673474 1.306290 -0.023320)
(0.683711 1.306051 -0.035355)
(0.694082 1.305684 -0.046844)
(0.704448 1.305199 -0.058903)
(0.714700 1.304594 -0.070690)
(0.725021 1.303863 -0.082229)
(0.735257 1.303020 -0.094189)
(0.745664 1.302037 -0.105753)
(0.755832 1.300957 -0.116995)
(0.766047 1.299757 -0.128287)
(0.774646 1.298647 -0.139430)
(0.782898 1.297489 -0.148691)
(0.790563 1.296341 -0.153076)
(0.796065 1.295492 -0.158823)
(0.800521 1.294778 -0.168109)
(0.804519 1.294100 -0.180614)
(0.808433 1.293385 -0.195322)
(0.812201 1.292640 -0.211812)
(0.815808 1.291864 -0.229961)
(0.819326 1.291041 -0.248926)
(0.822532 1.290226 -0.268313)
(0.825574 1.289389 -0.287328)
(0.828513 1.288521 -0.306640)
(0.832570 1.287236 -0.323848)
(0.837082 1.285722 -0.339793)
(0.841368 1.284207 -0.353783)
(0.845977 1.282505 -0.364704)
(0.851066 1.280562 -0.373594)
(0.856734 1.278340 -0.380801)
(0.862869 1.275884 -0.387364)
(0.869157 1.273318 -0.394076)
(0.875625 1.270629 -0.399649)
(0.882388 1.267772 -0.406287)
(0.889481 1.264720 -0.412058)
(0.896725 1.261554 -0.418349)
(0.904116 1.258268 -0.424690)
(0.910750 1.255268 -0.431080)
(0.916422 1.252659 -0.433014)
(0.922767 1.249727 -0.433017)
(0.927281 1.247640 -0.434926)
(0.930931 1.245944 -0.443693)
(0.934001 1.244485 -0.456148)
(0.936999 1.243014 -0.470930)
(0.939987 1.241492 -0.487643)
(0.942950 1.239921 -0.504776)
(0.945659 1.238424 -0.522900)
(0.948168 1.236978 -0.541321)
(0.950676 1.235470 -0.559346)
(0.952976 1.234030 -0.577272)
(0.955301 1.232516 -0.595148)
(0.957119 1.231285 -0.612183)
(0.958429 1.230365 -0.627287)
(0.961949 1.227813 -0.636375)
(0.965434 1.225238 -0.645785)
(0.968712 1.222768 -0.654304)
(0.972743 1.219676 -0.661759)
(0.977245 1.216169 -0.666589)
(0.981827 1.212565 -0.670107)
(0.986289 1.209029 -0.672190)
(0.989753 1.206272 -0.675387)
(0.993934 1.202923 -0.676133)
(0.997039 1.200432 -0.674551)
(0.999611 1.198375 -0.679010)
(1.001747 1.196652 -0.687406)
(1.003820 1.194949 -0.699712)
(1.005884 1.193212 -0.712910)
(1.007903 1.191467 -0.726776)
(1.009839 1.189745 -0.741780)
(1.011705 1.188035 -0.757181)
(1.013477 1.186360 -0.772904)
(1.015256 1.184625 -0.789592)
(1.017006 1.182861 -0.805958)
(1.018726 1.181068 -0.822497)
(1.020241 1.179437 -0.838418)
(1.021342 1.178212 -0.854487)
(1.023224 1.176050 -0.866620)
(1.026236 1.172505 -0.873802)
(1.029869 1.168165 -0.881182)
(1.033479 1.163787 -0.887548)
(1.037322 1.159066 -0.892452)
(1.040310 1.155359 -0.895129)
(1.042935 1.152084 -0.895825)
(1.045385 1.149022 -0.894714)
(1.047245 1.146703 -0.899198)
(1.048934 1.144579 -0.908187)
(1.050566 1.142488 -0.919701)
(1.052192 1.140354 -0.932206)
(1.053745 1.138261 -0.945082)
(1.055192 1.136259 -0.958848)
(1.056567 1.134300 -0.973036)
(1.057879 1.132372 -0.987224)
(1.059164 1.130426 -1.002278)
(1.060330 1.128602 -1.017258)
(1.061420 1.126838 -1.032510)
(1.062537 1.124967 -1.047490)
(1.063246 1.123739 -1.061826)
(1.063944 1.122487 -1.073687)
(1.065566 1.119498 -1.080052)
(1.067600 1.115690 -1.087061)
(1.069580 1.111922 -1.093748)
(1.071500 1.108208 -1.099395)
(1.073191 1.104890 -1.103879)
(1.074607 1.102082 -1.103585)
(1.076476 1.098377 -1.103935)
(1.077649 1.096049 -1.107973)
(1.078806 1.093730 -1.118992)
(1.079851 1.091577 -1.131719)
(1.080901 1.089342 -1.145412)
(1.081958 1.087009 -1.160812)
(1.082930 1.084772 -1.177550)
(1.083824 1.082618 -1.193792)
(1.084637 1.080563 -1.210604)
(1.085389 1.078566 -1.226648)
(1.086161 1.076414 -1.242568)
(1.086888 1.074278 -1.258291)
(1.087577 1.072146 -1.274236)
(1.088196 1.070120 -1.290008)
(1.088770 1.068129 -1.306176)
(1.089236 1.066408 -1.322715)
(1.089637 1.064826 -1.335962)
(1.090439 1.061475 -1.344679)
(1.091287 1.057788 -1.353990)
(1.092180 1.053735 -1.363647)
(1.093068 1.049508 -1.371349)
(1.093742 1.046172 -1.378184)
(1.094654 1.041499 -1.379648)
(1.095291 1.038205 -1.379403)
(1.095816 1.035496 -1.384729)
(1.096284 1.033009 -1.395475)
(1.096739 1.030442 -1.409391)
(1.097131 1.028035 -1.423999)
(1.097492 1.025592 -1.439994)
(1.097808 1.023189 -1.457127)
(1.098071 1.020887 -1.474038)
(1.098271 1.018824 -1.490528)
(1.098431 1.016834 -1.507340)
(1.098568 1.014690 -1.523953)
(1.098667 1.012574 -1.540517)
(1.098729 1.010532 -1.556685)
(1.098755 1.008643 -1.572754)
(1.098752 1.006662 -1.588501)
(1.098721 1.004925 -1.604199)
(1.098680 1.003691 -1.620293)
(1.098570 1.001483 -1.634876)
(1.098344 0.997952 -1.643271)
(1.098029 0.993615 -1.650874)
(1.097691 0.989402 -1.658254)
(1.097441 0.986559 -1.663010)
(1.097173 0.983656 -1.665191)
(1.096819 0.979920 -1.662520)
(1.096589 0.977415 -1.666831)
(1.096372 0.975169 -1.677181)
(1.096141 0.973001 -1.688967)
(1.095888 0.970867 -1.701273)
(1.095598 0.968660 -1.714025)
(1.095300 0.966593 -1.727841)
(1.094980 0.964576 -1.741385)
(1.094644 0.962623 -1.755028)
(1.094278 0.960660 -1.768918)
(1.093918 0.958867 -1.782635)
(1.093501 0.956930 -1.796650)
(1.093065 0.955028 -1.810293)
(1.092591 0.953088 -1.824579)
(1.092086 0.951141 -1.837999)
(1.091554 0.949200 -1.851766)
(1.091144 0.947779 -1.865310)
(1.090794 0.946626 -1.876650)
(1.090129 0.944517 -1.880144)
(1.089018 0.941042 -1.880765)
(1.087989 0.937829 -1.880447)
(1.086896 0.934412 -1.878494)
(1.085583 0.930281 -1.877952)
(1.083995 0.925276 -1.878054)
(1.082167 0.919514 -1.878725)
(1.080224 0.913405 -1.879099)
(1.078181 0.906991 -1.879176)
(1.075999 0.900140 -1.879105)
(1.073702 0.892926 -1.878563)
(1.071306 0.885391 -1.878788)
(1.068798 0.877507 -1.878321)
(1.066271 0.869549 -1.878200)
(1.063661 0.861329 -1.878871)
(1.060963 0.852849 -1.879022)
(1.058208 0.844194 -1.878604)
(1.055419 0.835423 -1.878582)
(1.052617 0.826607 -1.878436)
(1.049718 0.817486 -1.878711)
(1.046823 0.808380 -1.879085)
(1.043863 0.799086 -1.879212)
(1.040897 0.789778 -1.878645)
(1.037896 0.780337 -1.878698)
(1.034870 0.770824 -1.877710)
(1.031836 0.761249 -1.877886)
(1.028772 0.751588 -1.877221)
(1.025682 0.741823 -1.877991)
(1.022595 0.732089 -1.877177)
(1.019510 0.722338 -1.877204)
(1.016434 0.712616 -1.876563)
(1.013324 0.702762 -1.876615)
(1.010222 0.692936 -1.876791)
(1.007136 0.683170 -1.876522)
(1.004040 0.673359 -1.876822)
(1.000908 0.663447 -1.876453)
(0.997794 0.653577 -1.876480)
(0.994679 0.643708 -1.876087)
(0.991555 0.633794 -1.876535)
(0.988421 0.623866 -1.876612)
(0.985296 0.613968 -1.876318)
(0.982160 0.604025 -1.876097)
(0.979169 0.594533 -1.876125)
(0.976631 0.586481 -1.876276)
(0.973909 0.577850 -1.873778)
(0.971113 0.568906 -1.873360)
(0.968312 0.559932 -1.880814)
(0.965570 0.551371 -1.888491)
(0.962809 0.542977 -1.896316)
(0.959866 0.534258 -1.904537)
(0.956742 0.525246 -1.912858)
(0.953466 0.516044 -1.922737)
(0.950204 0.507162 -1.932172)
(0.946772 0.498082 -1.942052)
(0.943184 0.488866 -1.949901)
(0.939529 0.479692 -1.953865)
(0.935866 0.470602 -1.954536)
(0.932157 0.461416 -1.953771)
(0.928427 0.452156 -1.952536)
(0.924651 0.442750 -1.951375)
(0.920858 0.433269 -1.950437)
(0.917073 0.423784 -1.950638)
(0.913304 0.414342 -1.950541)
(0.909637 0.405156 -1.950420)
(0.906492 0.397272 -1.949730)
(0.903104 0.388764 -1.946242)
(0.899746 0.380245 -1.947136)
(0.896336 0.371615 -1.954219)
(0.893031 0.363420 -1.962044)
(0.889713 0.355379 -1.970166)
(0.886265 0.347209 -1.977496)
(0.882553 0.338589 -1.985099)
(0.878707 0.329844 -1.993691)
(0.874817 0.321202 -2.002928)
(0.870848 0.312596 -2.011446)
(0.866845 0.304106 -2.020113)
(0.862728 0.295570 -2.028482)
(0.858432 0.286848 -2.036406)
(0.854060 0.278147 -2.040716)
(0.849657 0.269477 -2.040620)
(0.845248 0.260794 -2.040672)
(0.840742 0.251919 -2.037976)
(0.836212 0.242938 -2.037038)
(0.831689 0.233952 -2.037189)
(0.827317 0.225267 -2.037067)
(0.823694 0.218067 -2.036922)
(0.819647 0.210024 -2.034127)
(0.815466 0.201655 -2.041135)
(0.811212 0.193288 -2.049034)
(0.807026 0.185213 -2.056562)
(0.802787 0.177183 -2.062704)
(0.798339 0.168883 -2.069737)
(0.793709 0.160387 -2.076819)
(0.789034 0.151950 -2.084446)
(0.784333 0.143616 -2.091405)
(0.779489 0.135169 -2.098586)
(0.774593 0.126771 -2.106238)
(0.769516 0.118213 -2.114657)
(0.764352 0.109672 -2.123621)
(0.759191 0.101308 -2.133353)
(0.753900 0.092917 -2.142935)
(0.748480 0.084500 -2.153087)
(0.742941 0.076087 -2.164180)
(0.737317 0.067750 -2.175768)
(0.731441 0.059252 -2.187034)
(0.725620 0.051033 -2.199315)
(0.719645 0.042811 -2.210729)
(0.713639 0.034744 -2.222144)
(0.707551 0.026759 -2.233484)
(0.701317 0.018770 -2.243958)
(0.694980 0.010824 -2.254234)
(0.688611 0.003002 -2.265253)
(0.682126 -0.004785 -2.276321)
(0.675575 -0.012475 -2.286819)
(0.668953 -0.020086 -2.297714)
(0.662331 -0.027532 -2.307718)
(0.655664 -0.034878 -2.317523)
(0.648906 -0.042181 -2.327601)
(0.642063 -0.049426 -2.337481)
(0.635118 -0.056636 -2.347459)
(0.628101 -0.063777 -2.357587)
(0.620991 -0.070868 -2.366971)
(0.613868 -0.077838 -2.376034)
(0.606694 -0.084733 -2.384676)
(0.599416 -0.091608 -2.393020)
(0.592193 -0.098318 -2.401415)
(0.585994 -0.103980 -2.409289)
(0.580534 -0.108889 -2.414292)
(0.575586 -0.113293 -2.414616)
(0.570842 -0.117513 -2.413158)
(0.566584 -0.121311 -2.411229)
(0.563835 -0.123773 -2.416677)
(0.561576 -0.125775 -2.427473)
(0.559226 -0.127811 -2.441363)
(0.556813 -0.129845 -2.455525)
(0.554395 -0.131824 -2.471048)
(0.552078 -0.133662 -2.487463)
(0.549888 -0.135341 -2.503680)
(0.547794 -0.136893 -2.519179)
(0.545602 -0.138467 -2.534876)
(0.543447 -0.139962 -2.549731)
(0.541423 -0.141322 -2.565131)
(0.539417 -0.142627 -2.580259)
(0.537313 -0.143950 -2.595312)
(0.535307 -0.145169 -2.610093)
(0.533336 -0.146328 -2.624726)
(0.531322 -0.147473 -2.639234)
(0.529344 -0.148559 -2.653867)
(0.527378 -0.149602 -2.668598)
(0.525424 -0.150602 -2.682909)
(0.523456 -0.151574 -2.697096)
(0.521529 -0.152492 -2.711134)
(0.519590 -0.153383 -2.724950)
(0.517624 -0.154252 -2.738592)
(0.515661 -0.155089 -2.752234)
(0.513700 -0.155894 -2.765505)
(0.511758 -0.156661 -2.778875)
(0.509805 -0.157402 -2.792394)
(0.507829 -0.158122 -2.805442)
(0.505900 -0.158795 -2.818762)
(0.503949 -0.159448 -2.831984)
(0.502032 -0.160061 -2.845057)
(0.500064 -0.160663 -2.858352)
(0.498103 -0.161234 -2.871747)
(0.496104 -0.161786 -2.884795)
(0.494099 -0.162313 -2.897943)
(0.492102 -0.162809 -2.911114)
(0.490380 -0.163213 -2.924336)
(0.488995 -0.163519 -2.935899)
(0.485890 -0.164167 -2.941397)
(0.481300 -0.165098 -2.947538)
(0.476659 -0.166010 -2.952986)
(0.471564 -0.166983 -2.956479)
(0.465879 -0.168047 -2.960368)
(0.459454 -0.169225 -2.961905)
(0.453028 -0.170392 -2.964705)
(0.446327 -0.171590 -2.968544)
(0.439396 -0.172801 -2.973125)
(0.432159 -0.174032 -2.977633)
(0.424646 -0.175275 -2.982512)
(0.416855 -0.176525 -2.987787)
(0.408696 -0.177790 -2.993136)
(0.400394 -0.179032 -2.998633)
(0.392056 -0.180232 -3.004329)
(0.383272 -0.181445 -3.010421)
(0.374678 -0.182579 -3.016364)
(0.365744 -0.183704 -3.023050)
(0.356651 -0.184787 -3.030305)
(0.347475 -0.185812 -3.037140)
(0.338216 -0.186783 -3.044742)
(0.328829 -0.187695 -3.051824)
(0.319283 -0.188554 -3.059921)
(0.309746 -0.189335 -3.068389)
(0.300157 -0.190038 -3.077030)
(0.290486 -0.190663 -3.085994)
(0.280719 -0.191207 -3.094437)
(0.270993 -0.191666 -3.104069)
(0.261019 -0.192040 -3.114369)
(0.251134 -0.192309 -3.124521)
(0.241124 -0.192480 -3.134251)
(0.231128 -0.192554 -3.144725)
(0.221148 -0.192522 -3.154876)
(0.211168 -0.192390 -3.165696)
(0.201129 -0.192148 -3.177160)
(0.191155 -0.191793 -3.188648)
(0.181094 -0.191319 -3.200211)
(0.170979 -0.190725 -3.212566)
(0.160902 -0.190009 -3.225193)
(0.150804 -0.189163 -3.237870)
(0.140779 -0.188195 -3.250398)
(0.130857 -0.187111 -3.263075)
(0.120905 -0.185896 -3.274439)
(0.111103 -0.184586 -3.285284)
(0.101271 -0.183163 -3.296500)
(0.091440 -0.181628 -3.306677)
(0.081474 -0.179968 -3.316185)
(0.071510 -0.178210 -3.326361)
(0.061684 -0.176374 -3.335795)
(0.051876 -0.174445 -3.345748)
(0.042087 -0.172418 -3.355355)
(0.032378 -0.170311 -3.363675)
(0.022732 -0.168132 -3.371401)
(0.013028 -0.165862 -3.380067)
(0.003374 -0.163515 -3.387297)
(-0.006381 -0.161069 -3.395122)
(-0.015925 -0.158596 -3.403392)
(-0.025330 -0.156076 -3.410648)
(-0.034643 -0.153508 -3.417086)
(-0.044307 -0.150776 -3.424366)
(-0.053877 -0.147996 -3.430804)
(-0.063648 -0.145088 -3.439124)
(-0.073206 -0.142157 -3.447716)
(-0.082810 -0.139122 -3.455961)
(-0.092316 -0.136031 -3.465692)
(-0.101806 -0.132843 -3.474185)
(-0.111240 -0.129584 -3.483074)
(-0.120789 -0.126190 -3.492508)
(-0.130391 -0.122676 -3.501868)
(-0.139874 -0.119103 -3.511128)
(-0.149309 -0.115449 -3.521280)
(-0.158877 -0.111631 -3.530515)
(-0.168310 -0.107765 -3.541013)
(-0.177716 -0.103795 -3.551462)
(-0.187010 -0.099757 -3.561935)
(-0.196261 -0.095621 -3.571914)
(-0.205582 -0.091343 -3.581298)
(-0.214738 -0.087036 -3.590781)
(-0.224031 -0.082556 -3.599695)
(-0.232737 -0.078263 -3.608633)
(-0.239961 -0.074621 -3.617770)
(-0.247285 -0.070843 -3.624530)
(-0.253122 -0.067783 -3.626983)
(-0.257438 -0.065506 -3.631441)
(-0.261110 -0.063548 -3.639959)
(-0.264524 -0.061690 -3.652412)
(-0.267796 -0.059857 -3.666748)
(-0.271041 -0.057977 -3.682741)
(-0.274046 -0.056170 -3.700344)
(-0.276928 -0.054368 -3.718937)
(-0.279342 -0.052796 -3.737629)
(-0.281487 -0.051341 -3.756000)
(-0.284952 -0.048897 -3.773256)
(-0.288621 -0.046212 -3.787715)
(-0.292117 -0.043575 -3.801307)
(-0.295710 -0.040789 -3.813093)
(-0.299795 -0.037542 -3.821536)
(-0.304388 -0.033829 -3.828247)
(-0.309463 -0.029669 -3.835032)
(-0.314521 -0.025464 -3.842064)
(-0.319795 -0.021018 -3.848503)
(-0.325330 -0.016290 -3.854471)
(-0.331011 -0.011379 -3.860909)
(-0.336774 -0.006331 -3.867570)
(-0.342629 -0.001134 -3.873390)
(-0.348499 0.004139 -3.879679)
(-0.354370 0.009479 -3.884430)
(-0.360351 0.014971 -3.889156)
(-0.365411 0.019662 -3.893338)
(-0.370083 0.024030 -3.895365)
(-0.373845 0.027561 -3.893408)
(-0.376922 0.030437 -3.893281)
(-0.378205 0.031638 -3.893378)
(-0.377470 0.030950 -3.888722)
(-0.376172 0.029748 -3.885130)
(-0.374128 0.027868 -3.881068)
(-0.372594 0.026469 -3.877056)
(-0.370795 0.024841 -3.876781)
(-0.368463 0.022732 -3.877422)
(-0.366053 0.020550 -3.877371)
(-0.362287 0.017140 -3.877443)
(-0.358055 0.013308 -3.869890)
(-0.353533 0.009276 -3.865184)
(-0.348443 0.004779 -3.860850)
(-0.344481 0.001309 -3.857803)
(-0.340636 -0.002038 -3.857033)
(-0.336684 -0.005472 -3.857452)
(-0.333390 -0.008337 -3.858217)
(-0.330663 -0.010713 -3.857002)
(-0.326851 -0.014025 -3.854053)
(-0.322104 -0.018125 -3.849348)
(-0.317326 -0.022214 -3.843404)
(-0.311510 -0.027130 -3.840283)
(-0.306227 -0.031569 -3.838350)
(-0.302012 -0.035095 -3.840526)
(-0.297549 -0.038847 -3.842925)
(-0.293467 -0.042294 -3.845002)
(-0.289835 -0.045375 -3.844950)
(-0.286936 -0.047833 -3.843488)
(-0.285701 -0.048878 -3.843386)
(-0.284558 -0.049843 -3.843409)
(-0.283754 -0.050523 -3.843110)
(-0.283544 -0.050701 -3.843602)
(-0.283567 -0.050681 -3.843996)
(-0.283579 -0.050671 -3.843846)
(-0.283660 -0.050602 -3.843893)
(-0.283789 -0.050494 -3.843990)
(-0.283812 -0.050474 -3.844285)
(-0.283824 -0.050464 -3.844158)
(-0.283824 -0.050464 -3.843909)
(-0.283824 -0.050464 -3.844079)
(-0.283824 -0.050464 -3.843928)
(-0.283824 -0.050464 -3.843901)
(-0.283824 -0.050464 -3.843998)
(-0.283824 -0.050464 -3.843896)
(-0.283824 -0.050464 -3.844018)
(-0.283824 -0.050464 -3.843941)
(-0.283824 -0.050464 -3.843938)
(-0.283824 -0.050464 -3.843985)
(-0.283824 -0.050464 -3.843958)
(-0.283824 -0.050464 -3.844005)
(-0.283824 -0.050464 -3.843978)
(-0.283824 -0.050464 -3.844000)
(-0.283824 -0.050464 -3.843998)
(-0.283824 -0.050464 -3.844045)
(-0.283824 -0.050464 -3.844042)
(-0.283824 -0.050464 -3.844064)
(-0.283824 -0.050464 -3.844087)
(-0.283824 -0.050464 -3.844084)
(-0.283824 -0.050464 -3.844106)
(-0.283824 -0.050464 -3.844104)
(-0.283824 -0.050464 -3.844126)
(-0.283824 -0.050464 -3.844124)
(-0.283824 -0.050464 -3.844121)
(-0.283824 -0.050464 -3.844119)
(-0.283824 -0.050464 -3.844117)
(-0.283824 -0.050464 -3.844114)
(-0.283824 -0.050464 -3.844136)
(-0.283824 -0.050464 -3.844134)
(-0.283824 -0.050464 -3.844156)
(-0.283824 -0.050464 -3.844154)
(-0.283824 -0.050464 -3.844176)
(-0.283824 -0.050464 -3.844148)
(-0.283824 -0.050464 -3.844170)
(-0.283824 -0.050464 -3.844168)
(-0.283824 -0.050464 -3.844165)
(-0.283824 -0.050464 -3.844187)
(-0.283824 -0.050464 -3.844209)
(-0.283824 -0.050464 -3.844231)
(-0.283824 -0.050464 -3.844253)
(-0.283824 -0.050464 -3.844300)
(-0.283824 -0.050464 -3.844321)
(-0.283824 -0.050464 -3.844319)
(-0.283824 -0.050464 -3.844316)
(-0.283824 -0.050464 -3.844314)
(-0.283824 -0.050464 -3.844336)
(-0.283824 -0.050464 -3.844357)
(-0.283824 -0.050464 -3.844379)
(-0.283824 -0.050464 -3.844377)
(-0.283824 -0.050464 -3.844399)
(-0.283824 -0.050464 -3.844421)
(-0.283824 -0.050464 -3.844443)
(-0.283824 -0.050464 -3.844440)
(-0.283824 -0.050464 -3.844437)
(-0.283824 -0.050464 -3.844435)
(-0.283824 -0.050464 -3.844432)
(-0.283824 -0.050464 -3.844454)
(-0.283824 -0.050464 -3.844476)
(-0.283824 -0.050464 -3.844498)
(-0.283824 -0.050464 -3.844520)
(-0.283824 -0.050464 -3.844542)
(-0.283824 -0.050464 -3.844563)
(-0.283824 -0.050464 -3.844561)
(-0.283824 -0.050464 -3.844582)
(-0.283824 -0.050464 -3.844604)
(-0.283824 -0.050464 -3.844601)
(-0.283824 -0.050464 -3.844598)
(-0.283824 -0.050464 -3.844571)
(-0.283824 -0.050464 -3.844568)
(-0.283824 -0.050464 -3.844589)
(-0.283824 -0.050464 -3.844562)
(-0.283824 -0.050464 -3.844559)
(-0.283824 -0.050464 -3.844556)
(-0.283824 -0.050464 -3.844553)
(-0.283824 -0.050464 -3.844550)
(-0.283824 -0.050464 -3.844548)
(-0.283824 -0.050464 -3.844545)
(-0.283824 -0.050464 -3.844542)
(-0.283824 -0.050464 -3.844563)
(-0.283824 -0.050464 -3.844585)
(-0.283824 -0.050464 -3.844607)
(-0.283824 -0.050464 -3.844604)
(-0.283824 -0.050464 -3.844626)
(-0.283824 -0.050464 -3.844623)
(-0.283824 -0.050464 -3.844645)
(-0.283824 -0.050464 -3.844666)
(-0.283824 -0.050464 -3.844688)
(-0.283824 -0.050464 -3.844685)
(-0.283824 -0.050464 -3.844682)
(-0.283824 -0.050464 -3.844679)
(-0.283824 -0.050464 -3.844676)
(-0.283824 -0.050464 -3.844673)
(-0.283824 -0.050464 -3.844695)
(-0.283824 -0.050464 -3.844692)
(-0.283824 -0.050464 -3.844713)
(-0.283824 -0.050464 -3.844734)
(-0.283824 -0.050464 -3.844731)
(-0.283824 -0.050464 -3.844728)
(-0.283824 -0.050464 -3.844750)
(-0.283824 -0.050464 -3.844771)
(-0.283824 -0.050464 -3.844793)
(-0.283824 -0.050464 -3.844790)
(-0.283824 -0.050464 -3.844786)
(-0.283824 -0.050464 -3.844783)
(-0.283824 -0.050464 -3.844805)
(-0.283824 -0.050464 -3.844802)
(-0.283824 -0.050464 -3.844799)
(-0.283824 -0.050464 -3.844795)
(-0.283824 -0.050464 -3.844768)
(-0.283824 -0.050464 -3.844789)
(-0.283824 -0.050464 -3.844786)
(-0.283824 -0.050464 -3.844783)
(-0.283824 -0.050464 -3.844780)
(-0.283824 -0.050464 -3.844777)
(-0.283824 -0.050464 -3.844774)
(-0.283824 -0.050464 -3.844770)
(-0.283824 -0.050464 -3.844767)
(-0.283824 -0.050464 -3.844789)
(-0.283824 -0.050464 -3.844786)
(-0.283824 -0.050464 -3.844782)
(-0.283824 -0.050464 -3.844804)
(-0.283824 -0.050464 -3.844825)
(-0.283824 -0.050464 -3.844846)
(-0.283824 -0.050464 -3.844867)
(-0.283824 -0.050464 -3.844888)
(-0.283824 -0.050464 -3.844910)
(-0.283824 -0.050464 -3.844906)
(-0.283824 -0.050464 -3.844903)
(-0.283824 -0.050464 -3.844924)
(-0.283824 -0.050464 -3.844945)
(-0.283824 -0.050464 -3.844942)
(-0.283824 -0.050464 -3.844939)
(-0.283824 -0.050464 -3.844960)
(-0.283824 -0.050464 -3.844981)
(-0.283824 -0.050464 -3.844978)
(-0.283824 -0.050464 -3.844975)
(-0.283824 -0.050464 -3.844971)
(-0.283824 -0.050464 -3.844968)
(-0.283824 -0.050464 -3.844989)
(-0.283824 -0.050464 -3.844986)
(-0.283824 -0.050464 -3.844982)
(-0.283824 -0.050464 -3.845004)
(-0.283824 -0.050464 -3.845000)
(-0.283824 -0.050464 -3.845021)
(-0.283824 -0.050464 -3.845018)
(-0.283824 -0.050464 -3.845039)
(-0.283824 -0.050464 -3.845061)
(-0.283824 -0.050464 -3.845082)
(-0.283824 -0.050464 -3.845103)
(-0.283824 -0.050464 -3.845099)
(-0.283824 -0.050464 -3.845120)
(-0.283824 -0.050464 -3.845141)
(-0.283824 -0.050464 -3.845138)
(-0.283824 -0.050464 -3.845134)
(-0.283824 -0.050464 -3.845155)
(-0.283824 -0.050464 -3.845151)
(-0.283824 -0.050464 -3.845148)
(-0.283824 -0.050464 -3.845169)
(-0.283824 -0.050464 -3.845165)
(-0.283824 -0.050464 -3.845137)
(-0.283824 -0.050464 -3.845133)
(-0.283824 -0.050464 -3.845130)
(-0.283824 -0.050464 -3.845126)
(-0.283824 -0.050464 -3.845147)
(-0.283824 -0.050464 -3.845144)
(-0.283824 -0.050464 -3.845140)
(-0.283824 -0.050464 -3.845161)
(-0.283824 -0.050464 -3.845157)
(-0.283824 -0.050464 -3.845178)
(-0.283824 -0.050464 -3.845199)
(-0.283824 -0.050464 -3.845220)
(-0.283824 -0.050464 -3.845217)
(-0.283824 -0.050464 -3.845213)
(-0.283824 -0.050464 -3.845210)
(-0.283824 -0.050464 -3.845206)
(-0.283824 -0.050464 -3.845227)
(-0.283824 -0.050464 -3.845223)
(-0.283824 -0.050464 -3.845219)
(-0.283824 -0.050464 -3.845240)
(-0.283824 -0.050464 -3.845261)
(-0.283824 -0.050464 -3.845282)
(-0.283824 -0.050464 -3.845278)
(-0.283824 -0.050464 -3.845274)
(-0.283824 -0.050464 -3.845295)
(-0.283824 -0.050464 -3.845291)
(-0.283824 -0.050464 -3.845287)
(-0.283824 -0.050464 -3.845308)
(-0.283824 -0.050464 -3.845329)
(-0.283824 -0.050464 -3.845325)
(-0.283824 -0.050464 -3.845321)
(-0.283824 -0.050464 -3.845317)
(-0.283824 -0.050464 -3.845313)
(-0.283824 -0.050464 -3.845309)
(-0.283824 -0.050464 -3.845306)
(-0.283824 -0.050464 -3.845326)
(-0.283824 -0.050464 -3.845323)
(-0.283824 -0.050464 -3.845319)
(-0.283824 -0.050464 -3.845340)
(-0.283824 -0.050464 -3.845360)
(-0.283824 -0.050464 -3.845356)
(-0.283824 -0.050464 -3.845377)
(-0.283824 -0.050464 -3.845398)
(-0.283824 -0.050464 -3.845394)
(-0.283824 -0.050464 -3.845415)
(-0.283824 -0.050464 -3.845411)
(-0.283824 -0.050464 -3.845407)
(-0.283824 -0.050464 -3.845428)
(-0.283824 -0.050464 -3.845448)
(-0.283824 -0.050464 -3.845469)
(-0.283824 -0.050464 -3.845489)
(-0.283824 -0.050464 -3.845510)
(-0.283824 -0.050464 -3.845530)
(-0.283824 -0.050464 -3.845551)
(-0.283824 -0.050464 -3.845546)
(-0.283824 -0.050464 -3.845542)
(-0.283824 -0.050464 -3.845588)
(-0.283824 -0.050464 -3.845584)
(-0.283824 -0.050464 -3.845580)
(-0.283824 -0.050464 -3.845576)
(-0.283824 -0.050464 -3.845621)
(-0.283824 -0.050464 -3.845617)
(-0.283824 -0.050464 -3.845637)
(-0.283824 -0.050464 -3.845658)
(-0.283824 -0.050464 -3.845654)
(-0.283824 -0.050464 -3.845674)
(-0.283824 -0.050464 -3.845670)
(-0.283824 -0.050464 -3.845666)
(-0.283824 -0.050464 -3.845662)
(-0.283824 -0.050464 -3.845683)
(-0.283824 -0.050464 -3.845679)
(-0.283824 -0.050464 -3.845675)
(-0.283824 -0.050464 -3.845670)
(-0.283824 -0.050464 -3.845666)
(-0.283824 -0.050464 -3.845662)
(-0.283824 -0.050464 -3.845682)
(-0.283824 -0.050464 -3.845678)
(-0.283824 -0.050464 -3.845674)
(-0.283824 -0.050464 -3.845670)
(-0.283824 -0.050464 -3.845690)
(-0.283824 -0.050464 -3.845685)
(-0.283824 -0.050464 -3.845706)
(-0.283824 -0.050464 -3.845726)
(-0.283824 -0.050464 -3.845746)
(-0.283824 -0.050464 -3.845742)
(-0.283824 -0.050464 -3.845787)
(-0.283824 -0.050464 -3.845807)
(-0.283824 -0.050464 -3.845803)
(-0.283824 -0.050464 -3.845823)
(-0.283824 -0.050464 -3.845819)
(-0.283824 -0.050464 -3.845815)
(-0.283824 -0.050464 -3.845810)
(-0.283824 -0.050464 -3.845855)
(-0.283824 -0.050464 -3.845876)
(-0.283824 -0.050464 -3.845871)
(-0.283824 -0.050464 -3.845842)
(-0.283824 -0.050464 -3.845838)
(-0.283824 -0.050464 -3.845809)
(-0.283824 -0.050464 -3.845805)
(-0.283824 -0.050464 -3.845825)
(-0.283824 -0.050464 -3.845821)
(-0.283824 -0.050464 -3.845816)
(-0.283824 -0.050464 -3.845812)
(-0.283824 -0.050464 -3.845808)
(-0.283824 -0.050464 -3.845803)
(-0.283824 -0.050464 -3.845774)
(-0.283824 -0.050464 -3.845769)
(-0.283824 -0.050464 -3.845765)
(-0.283824 -0.050464 -3.845735)
(-0.283824 -0.050464 -3.845755)
(-0.283824 -0.050464 -3.845751)
(-0.283824 -0.050464 -3.845796)
(-0.283824 -0.050464 -3.845816)
(-0.283824 -0.050464 -3.845811)
(-0.283824 -0.050464 -3.845831)
(-0.283824 -0.050464 -3.845851)
(-0.283824 -0.050464 -3.845871)
(-0.283824 -0.050464 -3.845867)
(-0.283824 -0.050464 -3.845887)
(-0.283824 -0.050464 -3.845882)
(-0.283824 -0.050464 -3.845878)
(-0.283824 -0.050464 -3.845873)
(-0.283824 -0.050464 -3.845869)
(-0.283824 -0.050464 -3.845889)
(-0.283824 -0.050464 -3.845859)
(-0.283824 -0.050464 -3.845855)
(-0.283824 -0.050464 -3.845900)
(-0.283824 -0.050464 -3.845895)
(-0.283824 -0.050464 -3.845891)
(-0.283824 -0.050464 -3.845911)
(-0.283824 -0.050464 -3.845931)
(-0.283824 -0.050464 -3.845926)
(-0.283824 -0.050464 -3.845921)
(-0.283824 -0.050464 -3.845916)
(-0.283824 -0.050464 -3.845936)
(-0.283824 -0.050464 -3.845956)
(-0.283824 -0.050464 -3.845976)
(-0.283824 -0.050464 -3.845995)
(-0.283824 -0.050464 -3.845991)
(-0.283824 -0.050464 -3.845986)
(-0.283824 -0.050464 -3.846006)
(-0.283824 -0.050464 -3.846001)
(-0.283824 -0.050464 -3.845996)
(-0.283824 -0.050464 -3.845991)
(-0.283824 -0.050464 -3.845987)
(-0.283824 -0.050464 -3.846006)
(-0.283824 -0.050464 -3.846002)
(-0.283824 -0.050464 -3.845997)
(-0.283824 -0.050464 -3.845992)
(-0.283824 -0.050464 -3.845987)
(-0.283824 -0.050464 -3.846007)
(-0.283824 -0.050464 -3.846002)
(-0.283824 -0.050464 -3.846022)
(-0.283824 -0.050464 -3.846042)
(-0.283824 -0.050464 -3.846037)
(-0.283824 -0.050464 -3.846057)
(-0.283824 -0.050464 -3.846052)
(-0.283824 -0.050464 -3.846047)
(-0.283824 -0.050464 -3.846067)
(-0.283824 -0.050464 -3.846087)
(-0.283824 -0.050464 -3.846082)
(-0.283824 -0.050464 -3.846077)
(-0.283824 -0.050464 -3.846097)
(-0.283824 -0.050464 -3.846116)
(-0.283824 -0.050464 -3.846136)
(-0.283824 -0.050464 -3.846131)
(-0.283824 -0.050464 -3.846126)
(-0.283824 -0.050464 -3.846145)
(-0.283824 -0.050464 -3.846165)
(-0.283824 -0.050464 -3.846160)
(-0.283824 -0.050464 -3.846155)
(-0.283824 -0.050464 -3.846174)
(-0.283824 -0.050464 -3.846194)
(-0.283824 -0.050464 -3.846189)
(-0.283824 -0.050464 -3.846184)
(-0.283824 -0.050464 -3.846203)
(-0.283824 -0.050464 -3.846223)
(-0.283824 -0.050464 -3.846242)
(-0.283824 -0.050464 -3.846237)
(-0.283824 -0.050464 -3.846257)
(-0.283824 -0.050464 -3.846277)
(-0.283824 -0.050464 -3.846272)
(-0.283824 -0.050464 -3.846267)
(-0.283824 -0.050464 -3.846262)
(-0.283824 -0.050464 -3.846256)
(-0.283824 -0.050464 -3.846251)
(-0.283824 -0.050464 -3.846246)
(-0.283824 -0.050464 -3.846266)
(-0.283824 -0.050464 -3.846310)
(-0.283824 -0.050464 -3.846329)
(-0.283824 -0.050464 -3.846349)
(-0.283824 -0.050464 -3.846344)
(-0.283824 -0.050464 -3.846363)
(-0.283824 -0.050464 -3.846358)
(-0.283824 -0.050464 -3.846352)
(-0.283824 -0.050464 -3.846347)
(-0.283824 -0.050464 -3.846342)
(-0.283824 -0.050464 -3.846361)
(-0.283824 -0.050464 -3.846356)
(-0.283824 -0.050464 -3.846351)
(-0.283824 -0.050464 -3.846370)
(-0.283824 -0.050464 -3.846365)
(-0.283824 -0.050464 -3.846359)
(-0.283824 -0.050464 -3.846354)
(-0.283824 -0.050464 -3.846349)
(-0.283824 -0.050464 -3.846368)
(-0.283824 -0.050464 -3.846363)
(-0.283824 -0.050464 -3.846382)
(-0.283824 -0.050464 -3.846377)
(-0.283824 -0.050464 -3.846396)
(-0.283824 -0.050464 -3.846416)
(-0.283824 -0.050464 -3.846435)
(-0.283824 -0.050464 -3.846430)
(-0.283824 -0.050464 -3.846449)
(-0.283824 -0.050464 -3.846444)
(-0.283824 -0.050464 -3.846488)
(-0.283824 -0.050464 -3.846483)
(-0.283824 -0.050464 -3.846477)
(-0.283824 -0.050464 -3.846496)
(-0.283824 -0.050464 -3.846515)
(-0.283824 -0.050464 -3.846534)
(-0.283824 -0.050464 -3.846529)
(-0.283824 -0.050464 -3.846548)
(-0.283824 -0.050464 -3.846567)
(-0.283824 -0.050464 -3.846562)
(-0.283824 -0.050464 -3.846581)
(-0.283824 -0.050464 -3.846600)
(-0.283824 -0.050464 -3.846594)
(-0.283824 -0.050464 -3.846589)
(-0.283824 -0.050464 -3.846583)
(-0.283824 -0.050464 -3.846578)
(-0.283824 -0.050464 -3.846572)
(-0.283824 -0.050464 -3.846567)
(-0.283824 -0.050464 -3.846561)
(-0.283824 -0.050464 -3.846581)
(-0.283824 -0.050464 -3.846575)
(-0.283824 -0.050464 -3.846570)
(-0.283824 -0.050464 -3.846589)
(-0.283824 -0.050464 -3.846583)
(-0.283824 -0.050464 -3.846553)
(-0.283824 -0.050464 -3.846572)
(-0.283824 -0.050464 -3.846591)
(-0.283824 -0.050464 -3.846586)
(-0.283824 -0.050464 -3.846605)
(-0.283824 -0.050464 -3.846599)
(-0.283824 -0.050464 -3.846618)
(-0.283824 -0.050464 -3.846612)
(-0.283824 -0.050464 -3.846631)
(-0.283824 -0.050464 -3.846650)
(-0.283824 -0.050464 -3.846669)
(-0.283824 -0.050464 -3.846663)
(-0.283824 -0.050464 -3.846682)
(-0.283824 -0.050464 -3.846701)
(-0.283824 -0.050464 -3.846720)
(-0.283824 -0.050464 -3.846739)
(-0.283824 -0.050464 -3.846757)
(-0.283824 -0.050464 -3.846752)
(-0.283824 -0.050464 -3.846746)
(-0.283824 -0.050464 -3.846715)
(-0.283824 -0.050464 -3.846710)
(-0.283824 -0.050464 -3.846704)
(-0.283824 -0.050464 -3.846673)
(-0.283824 -0.050464 -3.846692)
(-0.283824 -0.050464 -3.846687)
(-0.283824 -0.050464 -3.846656)
(-0.283824 -0.050464 -3.846650)
(-0.283824 -0.050464 -3.846645)
(-0.283824 -0.050464 -3.846639)
(-0.283824 -0.050464 -3.846633)
(-0.283824 -0.050464 -3.846627)
(-0.283824 -0.050464 -3.846622)
(-0.283824 -0.050464 -3.846641)
(-0.283824 -0.050464 -3.846635)
(-0.283824 -0.050464 -3.846629)
(-0.283824 -0.050464 -3.846623)
(-0.283824 -0.050464 -3.846617)
(-0.283824 -0.050464 -3.846636)
(-0.283824 -0.050464 -3.846630)
(-0.283824 -0.050464 -3.846624)
(-0.283824 -0.050464 -3.846668)
(-0.283824 -0.050464 -3.846662)
(-0.283824 -0.050464 -3.846680)
(-0.283824 -0.050464 -3.846674)
(-0.283824 -0.050464 -3.846668)
(-0.283824 -0.050464 -3.846687)
(-0.283824 -0.050464 -3.846681)
(-0.283824 -0.050464 -3.846675)
(-0.283824 -0.050464 -3.846694)
(-0.283824 -0.050464 -3.846712)
(-0.283824 -0.050464 -3.846731)
(-0.283824 -0.050464 -3.846749)
(-0.283824 -0.050464 -3.846743)
(-0.283824 -0.050464 -3.846762)
(-0.283824 -0.050464 -3.846756)
(-0.283824 -0.050464 -3.846775)
(-0.283824 -0.050464 -3.846793)
(-0.283824 -0.050464 -3.846787)
(-0.283824 -0.050464 -3.846756)
(-0.283824 -0.050464 -3.846775)
(-0.283824 -0.050464 -3.846794)
(-0.283824 -0.050464 -3.846788)
(-0.283824 -0.050464 -3.846782)
(-0.283824 -0.050464 -3.846800)
(-0.283824 -0.050464 -3.846819)
(-0.283824 -0.050464 -3.846812)
(-0.283824 -0.050464 -3.846806)
(-0.283824 -0.050464 -3.846825)
(-0.283824 -0.050464 -3.846818)
(-0.283824 -0.050464 -3.846812)
(-0.283824 -0.050464 -3.846806)
(-0.283824 -0.050464 -3.846800)
(-0.283824 -0.050464 -3.846818)
(-0.283824 -0.050464 -3.846812)
(-0.283824 -0.050464 -3.846830)
(-0.283824 -0.050464 -3.846824)
(-0.283824 -0.050464 -3.846843)
(-0.283824 -0.050464 -3.846861)
(-0.283824 -0.050464 -3.846855)
(-0.283824 -0.050464 -3.846848)
(-0.283824 -0.050464 -3.846842)
(-0.283824 -0.050464 -3.846836)
(-0.283824 -0.050464 -3.846830)
(-0.283824 -0.050464 -3.846799)
(-0.283824 -0.050464 -3.846793)
(-0.283824 -0.050464 -3.846811)
(-0.283824 -0.050464 -3.846805)
(-0.283824 -0.050464 -3.846823)
(-0.283824 -0.050464 -3.846817)
(-0.283824 -0.050464 -3.846811)
(-0.283824 -0.050464 -3.846829)
(-0.283824 -0.050464 -3.846823)
(-0.283824 -0.050464 -3.846817)
(-0.283824 -0.050464 -3.846860)
(-0.283824 -0.050464 -3.846878)
(-0.283824 -0.050464 -3.846896)
(-0.283824 -0.050464 -3.846889)
(-0.283824 -0.050464 -3.846883)
(-0.283824 -0.050464 -3.846852)
(-0.283824 -0.050464 -3.846845)
(-0.283824 -0.050464 -3.846839)
(-0.283824 -0.050464 -3.846833)
(-0.283824 -0.050464 -3.846826)
(-0.283824 -0.050464 -3.846820)
(-0.283824 -0.050464 -3.846813)
(-0.283824 -0.050464 -3.846807)
(-0.283824 -0.050464 -3.846800)
(-0.283824 -0.050464 -3.846794)
(-0.283824 -0.050464 -3.846787)
(-0.283824 -0.050464 -3.846781)
(-0.283824 -0.050464 -3.846799)
(-0.283824 -0.050464 -3.846793)
(-0.283824 -0.050464 -3.846811)
(-0.283824 -0.050464 -3.846804)
(-0.283824 -0.050464 -3.846823)
(-0.283824 -0.050464 -3.846816)
(-0.283824 -0.050464 -3.846834)
(-0.283824 -0.050464 -3.846828)
(-0.283824 -0.050464 -3.846846)
(-0.283824 -0.050464 -3.846864)
(-0.283824 -0.050464 -3.846882)
(-0.283824 -0.050464 -3.846900)
(-0.283824 -0.050464 -3.846893)
(-0.283824 -0.050464 -3.846887)
(-0.283824 -0.050464 -3.846880)
(-0.283824 -0.050464 -3.846873)
(-0.283824 -0.050464 -3.846867)
(-0.283824 -0.050464 -3.846884)
(-0.283824 -0.050464 -3.846902)
(-0.283824 -0.050464 -3.846896)
(-0.283824 -0.050464 -3.846864)
(-0.283824 -0.050464 -3.846833)
(-0.283824 -0.050464 -3.846826)
(-0.283824 -0.050464 -3.846819)
(-0.283824 -0.050464 -3.846813)
(-0.283824 -0.050464 -3.846781)
(-0.283824 -0.050464 -3.846775)
(-0.283824 -0.050464 -3.846792)
(-0.283824 -0.050464 -3.846786)
(-0.283824 -0.050464 -3.846804)
(-0.283824 -0.050464 -3.846772)
(-0.283824 -0.050464 -3.846766)
(-0.283824 -0.050464 -3.846783)
(-0.283824 -0.050464 -3.846777)
(-0.283824 -0.050464 -3.846795)
(-0.283824 -0.050464 -3.846788)
(-0.283824 -0.050464 -3.846781)
(-0.283824 -0.050464 -3.846750)
(-0.283824 -0.050464 -3.846768)
(-0.283824 -0.050464 -3.846761)
(-0.283824 -0.050464 -3.846779)
(-0.283824 -0.050464 -3.846796)
(-0.283824 -0.050464 -3.846814)
(-0.283824 -0.050464 -3.846807)
(-0.283824 -0.050464 -3.846800)
(-0.283824 -0.050464 -3.846793)
(-0.283824 -0.050464 -3.846786)
(-0.283824 -0.050464 -3.846779)
(-0.283824 -0.050464 -3.846797)
(-0.283824 -0.050464 -3.846815)
(-0.283824 -0.050464 -3.846808)
(-0.283824 -0.050464 -3.846850)
(-0.283824 -0.050464 -3.846893)
(-0.283824 -0.050464 -3.846910)
(-0.283824 -0.050464 -3.846928)
(-0.283824 -0.050464 -3.846921)
(-0.283824 -0.050464 -3.846914)
(-0.283824 -0.050464 -3.846932)
(-0.283824 -0.050464 -3.846925)
(-0.283824 -0.050464 -3.846918)
(-0.283824 -0.050464 -3.846936)
(-0.283824 -0.050464 -3.846929)
(-0.283824 -0.050464 -3.846922)
(-0.283824 -0.050464 -3.846939)
(-0.283824 -0.050464 -3.846932)
(-0.283824 -0.050464 -3.846950)
(-0.283824 -0.050464 -3.846968)
(-0.283824 -0.050464 -3.846985)
(-0.283824 -0.050464 -3.846978)
(-0.283824 -0.050464 -3.846971)
(-0.283824 -0.050464 -3.846988)
(-0.283824 -0.050464 -3.846981)
(-0.283824 -0.050464 -3.846974)
(-0.283824 -0.050464 -3.846992)
(-0.283824 -0.050464 -3.846984)
(-0.283824 -0.050464 -3.846977)
(-0.283824 -0.050464 -3.846995)
(-0.283824 -0.050464 -3.847012)
(-0.283824 -0.050464 -3.847029)
(-0.283824 -0.050464 -3.847022)
(-0.283824 -0.050464 -3.847015)
(-0.283824 -0.050464 -3.847008)
(-0.283824 -0.050464 -3.847001)
(-0.283824 -0.050464 -3.847018)
(-0.283824 -0.050464 -3.847011)
(-0.283824 -0.050464 -3.847028)
(-0.283824 -0.050464 -3.847046)
(-0.283824 -0.050464 -3.847014)
(-0.283824 -0.050464 -3.847007)
(-0.283824 -0.050464 -3.846975)
(-0.283824 -0.050464 -3.846968)
(-0.283824 -0.050464 -3.846985)
(-0.283824 -0.050464 -3.846978)
(-0.283824 -0.050464 -3.846971)
(-0.283824 -0.050464 -3.846964)
(-0.283824 -0.050464 -3.846956)
(-0.283824 -0.050464 -3.846974)
(-0.283824 -0.050464 -3.846942)
(-0.283824 -0.050464 -3.846934)
(-0.283824 -0.050464 -3.846951)
(-0.283824 -0.050464 -3.846969)
(-0.283824 -0.050464 -3.846961)
(-0.283824 -0.050464 -3.846978)
(-0.283824 -0.050464 -3.846996)
(-0.283824 -0.050464 -3.847013)
(-0.283824 -0.050464 -3.847005)
(-0.283824 -0.050464 -3.847047)
(-0.283824 -0.050464 -3.847040)
(-0.283824 -0.050464 -3.847057)
(-0.283824 -0.050464 -3.847050)
(-0.283824 -0.050464 -3.847042)
(-0.283824 -0.050464 -3.847035)
(-0.283824 -0.050464 -3.847028)
(-0.283824 -0.050464 -3.847045)
(-0.283824 -0.050464 -3.847062)
(-0.283824 -0.050464 -3.847079)
(-0.283824 -0.050464 -3.847096)
(-0.283824 -0.050464 -3.847113)
(-0.283824 -0.050464 -3.847106)
(-0.283824 -0.050464 -3.847123)
(-0.283824 -0.050464 -3.847140)
(-0.283824 -0.050464 -3.847157)
(-0.283824 -0.050464 -3.847150)
(-0.283824 -0.050464 -3.847143)
(-0.283824 -0.050464 -3.847135)
(-0.283824 -0.050464 -3.847128)
(-0.283824 -0.050464 -3.847145)
(-0.283824 -0.050464 -3.847137)
(-0.283824 -0.050464 -3.847129)
(-0.283824 -0.050464 -3.847122)
(-0.283824 -0.050464 -3.847139)
(-0.283824 -0.050464 -3.847131)
(-0.283824 -0.050464 -3.847123)
(-0.283824 -0.050464 -3.847140)
(-0.283824 -0.050464 -3.847157)
(-0.283824 -0.050464 -3.847150)
(-0.283824 -0.050464 -3.847142)
(-0.283824 -0.050464 -3.847159)
(-0.283824 -0.050464 -3.847176)
(-0.283824 -0.050464 -3.847193)
(-0.283824 -0.050464 -3.847160)
(-0.283824 -0.050464 -3.847177)
(-0.283824 -0.050464 -3.847170)
(-0.283824 -0.050464 -3.847162)
(-0.283824 -0.050464 -3.847154)
(-0.283824 -0.050464 -3.847147)
(-0.283824 -0.050464 -3.847164)
(-0.283824 -0.050464 -3.847181)
(-0.283824 -0.050464 -3.847198)
(-0.283824 -0.050464 -3.847190)
(-0.283824 -0.050464 -3.847207)
(-0.283824 -0.050464 -3.847224)
(-0.283824 -0.050464 -3.847216)
(-0.283824 -0.050464 -3.847233)
(-0.283824 -0.050464 -3.847225)
(-0.283824 -0.050464 -3.847242)
(-0.283824 -0.050464 -3.847234)
(-0.283824 -0.050464 -3.847226)
(-0.283824 -0.050464 -3.847218)
(-0.283824 -0.050464 -3.847235)
(-0.283824 -0.050464 -3.847227)
(-0.283824 -0.050464 -3.847244)
(-0.283824 -0.050464 -3.847236)
(-0.283824 -0.050464 -3.847253)
(-0.283824 -0.050464 -3.847245)
(-0.283824 -0.050464 -3.847237)
(-0.283824 -0.050464 -3.847229)
(-0.283824 -0.050464 -3.847221)
(-0.283824 -0.050464 -3.847213)
(-0.283824 -0.050464 -3.847205)
(-0.283824 -0.050464 -3.847198)
(-0.283824 -0.050464 -3.847214)
(-0.283824 -0.050464 -3.847231)
(-0.283824 -0.050464 -3.847223)
(-0.283824 -0.050464 -3.847215)
(-0.283824 -0.050464 -3.847232)
(-0.283824 -0.050464 -3.847249)
(-0.283824 -0.050464 -3.847265)
(-0.283824 -0.050464 -3.847257)
(-0.283824 -0.050464 -3.847250)
(-0.283824 -0.050464 -3.847242)
(-0.283824 -0.050464 -3.847234)
(-0.283824 -0.050464 -3.847250)
(-0.283824 -0.050464 -3.847267)
(-0.283824 -0.050464 -3.847259)
(-0.283824 -0.050464 -3.847251)
(-0.283824 -0.050464 -3.847267)
(-0.283824 -0.050464 -3.847284)
(-0.283824 -0.050464 -3.847300)
(-0.283824 -0.050464 -3.847317)
(-0.283824 -0.050464 -3.847333)
(-0.283824 -0.050464 -3.847325)
(-0.283824 -0.050464 -3.847317)
(-0.283824 -0.050464 -3.847333)
(-0.283824 -0.050464 -3.847325)
(-0.283824 -0.050464 -3.847317)
(-0.283824 -0.050464 -3.847309)
(-0.283824 -0.050464 -3.847301)
(-0.283824 -0.050464 -3.847317)
(-0.283824 -0.050464 -3.847309)
(-0.283824 -0.050464 -3.847301)
(-0.283824 -0.050464 -3.847317)
(-0.283824 -0.050464 -3.847309)
(-0.283824 -0.050464 -3.847326)
(-0.283824 -0.050464 -3.847318)
(-0.283824 -0.050464 -3.847334)
(-0.283824 -0.050464 -3.847351)
(-0.283824 -0.050464 -3.847367)
(-0.283824 -0.050464 -3.847359)
(-0.283824 -0.050464 -3.847375)
(-0.283824 -0.050464 -3.847367)
(-0.283824 -0.050464 -3.847383)
(-0.283824 -0.050464 -3.847400)
(-0.283824 -0.050464 -3.847416)
(-0.283824 -0.050464 -3.847432)
(-0.283824 -0.050464 -3.847399)
(-0.283824 -0.050464 -3.847391)
(-0.283824 -0.050464 -3.847407)
(-0.283824 -0.050464 -3.847399)
(-0.283824 -0.050464 -3.847390)
(-0.283824 -0.050464 -3.847382)
(-0.283824 -0.050464 -3.847398)
(-0.283824 -0.050464 -3.847390)
(-0.283824 -0.050464 -3.847381)
(-0.283824 -0.050464 -3.847398)
(-0.283824 -0.050464 -3.847389)
(-0.283824 -0.050464 -3.847381)
(-0.283824 -0.050464 -3.847373)
(-0.283824 -0.050464 -3.847364)
(-0.283824 -0.050464 -3.847356)
(-0.283824 -0.050464 -3.847372)
(-0.283824 -0.050464 -3.847388)
(-0.283824 -0.050464 -3.847404)
(-0.283824 -0.050464 -3.847371)
(-0.283824 -0.050464 -3.847363)
(-0.283824 -0.050464 -3.847355)
(-0.283824 -0.050464 -3.847346)
(-0.283824 -0.050464 -3.847363)
(-0.283824 -0.050464 -3.847379)
(-0.283824 -0.050464 -3.847370)
(-0.283824 -0.050464 -3.847362)
(-0.283824 -0.050464 -3.847353)
(-0.283824 -0.050464 -3.847345)
(-0.283824 -0.050464 -3.847361)
(-0.283824 -0.050464 -3.847352)
(-0.283824 -0.050464 -3.847368)
(-0.283824 -0.050464 -3.847384)
(-0.283824 -0.050464 -3.847375)
(-0.283824 -0.050464 -3.847367)
(-0.283824 -0.050464 -3.847358)
(-0.283824 -0.050464 -3.847350)
(-0.283824 -0.050464 -3.847341)
(-0.283824 -0.050464 -3.847332)
(-0.283824 -0.050464 -3.847324)
(-0.283824 -0.050464 -3.847340)
(-0.283824 -0.050464 -3.847356)
(-0.283824 -0.050464 -3.847372)
(-0.283824 -0.050464 -3.847388)
(-0.283824 -0.050464 -3.847404)
(-0.283824 -0.050464 -3.847420)
(-0.283824 -0.050464 -3.847411)
(-0.283824 -0.050464 -3.847427)
(-0.283824 -0.050464 -3.847419)
(-0.283824 -0.050464 -3.847435)
(-0.283824 -0.050464 -3.847450)
(-0.283824 -0.050464 -3.847442)
(-0.283824 -0.050464 -3.847433)
(-0.283824 -0.050464 -3.847449)
(-0.283824 -0.050464 -3.847440)
(-0.283824 -0.050464 -3.847432)
(-0.283824 -0.050464 -3.847398)
(-0.283824 -0.050464 -3.847389)
(-0.283824 -0.050464 -3.847430)
(-0.283824 -0.050464 -3.847421)
(-0.283824 -0.050464 -3.847437)
(-0.283824 -0.050464 -3.847452)
(-0.283824 -0.050464 -3.847468)
(-0.283824 -0.050464 -3.847459)
(-0.283824 -0.050464 -3.847450)
(-0.283824 -0.050464 -3.847466)
(-0.283824 -0.050464 -3.847457)
(-0.283824 -0.050464 -3.847473)
(-0.283824 -0.050464 -3.847464)
(-0.283824 -0.050464 -3.847456)
(-0.283824 -0.050464 -3.847471)
(-0.283824 -0.050464 -3.847462)
(-0.283824 -0.050464 -3.847429)
(-0.283824 -0.050464 -3.847420)
(-0.283824 -0.050464 -3.847436)
(-0.283824 -0.050464 -3.847427)
(-0.283824 -0.050464 -3.847418)
(-0.283824 -0.050464 -3.847384)
(-0.283824 -0.050464 -3.847376)
(-0.283824 -0.050464 -3.847367)
(-0.283824 -0.050464 -3.847358)
(-0.283824 -0.050464 -3.847349)
(-0.283824 -0.050464 -3.847340)
(-0.283824 -0.050464 -3.847356)
(-0.283824 -0.050464 -3.847371)
(-0.283824 -0.050464 -3.847387)
(-0.283824 -0.050464 -3.847353)
(-0.283824 -0.050464 -3.847319)
(-0.283824 -0.050464 -3.847335)
(-0.283824 -0.050464 -3.847350)
(-0.283824 -0.050464 -3.847366)
(-0.283824 -0.050464 -3.847381)
(-0.283824 -0.050464 -3.847347)
(-0.283824 -0.050464 -3.847363)
(-0.283824 -0.050464 -3.847378)
(-0.283824 -0.050464 -3.847394)
(-0.283824 -0.050464 -3.847385)
(-0.283824 -0.050464 -3.847376)
(-0.283824 -0.050464 -3.847391)
(-0.283824 -0.050464 -3.847382)
(-0.283824 -0.050464 -3.847373)
(-0.283824 -0.050464 -3.847364)
(-0.283824 -0.050464 -3.847355)
(-0.283824 -0.050464 -3.847370)
(-0.283824 -0.050464 -3.847337)
(-0.283824 -0.050464 -3.847327)
(-0.283824 -0.050464 -3.847318)
(-0.283824 -0.050464 -3.847309)
(-0.283824 -0.050464 -3.847300)
(-0.283824 -0.050464 -3.847316)
(-0.283824 -0.050464 -3.847307)
(-0.283824 -0.050464 -3.847322)
(-0.283824 -0.050464 -3.847313)
(-0.283824 -0.050464 -3.847304)
(-0.283824 -0.050464 -3.847319)
(-0.283824 -0.050464 -3.847334)
(-0.283824 -0.050464 -3.847349)
(-0.283824 -0.050464 -3.847340)
(-0.283824 -0.050464 -3.847355)
(-0.283824 -0.050464 -3.847346)
(-0.283824 -0.050464 -3.847337)
(-0.283824 -0.050464 -3.847327)
(-0.283824 -0.050464 -3.847318)
(-0.283824 -0.050464 -3.847309)
(-0.283824 -0.050464 -3.847324)
(-0.283824 -0.050464 -3.847315)
(-0.283824 -0.050464 -3.847330)
(-0.283824 -0.050464 -3.847321)
(-0.283824 -0.050464 -3.847311)
(-0.283824 -0.050464 -3.847302)
(-0.283824 -0.050464 -3.847293)
(-0.283824 -0.050464 -3.847308)
(-0.283824 -0.050464 -3.847323)
(-0.283824 -0.050464 -3.847314)
(-0.283824 -0.050464 -3.847329)
(-0.283824 -0.050464 -3.847345)
(-0.283824 -0.050464 -3.847311)
(-0.283824 -0.050464 -3.847326)
(-0.283824 -0.050464 -3.847317)
(-0.283824 -0.050464 -3.847307)
(-0.283824 -0.050464 -3.847322)
(-0.283824 -0.050464 -3.847337)
(-0.283824 -0.050464 -3.847352)
(-0.283824 -0.050464 -3.847343)
(-0.283824 -0.050464 -3.847383)
(-0.283824 -0.050464 -3.847373)
(-0.283824 -0.050464 -3.847388)
(-0.283824 -0.050464 -3.847378)
(-0.283824 -0.050464 -3.847369)
(-0.283824 -0.050464 -3.847384)
(-0.283824 -0.050464 -3.847374)
(-0.283824 -0.050464 -3.847365)
(-0.283824 -0.050464 -3.847380)
(-0.283824 -0.050464 -3.847370)
(-0.283824 -0.050464 -3.847385)
(-0.283824 -0.050464 -3.847376)
(-0.283824 -0.050464 -3.847391)
(-0.283824 -0.050464 -3.847381)
(-0.283824 -0.050464 -3.847372)
(-0.283824 -0.050464 -3.847362)
(-0.283824 -0.050464 -3.847377)
(-0.283824 -0.050464 -3.847368)
(-0.283824 -0.050464 -3.847358)
(-0.283824 -0.050464 -3.847373)
(-0.283824 -0.050464 -3.847388)
(-0.283824 -0.050464 -3.847379)
(-0.283824 -0.050464 -3.847369)
(-0.283824 -0.050464 -3.847384)
(-0.283824 -0.050464 -3.847350)
(-0.283824 -0.050464 -3.847365)
(-0.283824 -0.050464 -3.847379)
(-0.283824 -0.050464 -3.847394)
(-0.283824 -0.050464 -3.847384)
(-0.283824 -0.050464 -3.847375)
(-0.283824 -0.050464 -3.847389)
(-0.283824 -0.050464 -3.847404)
(-0.283824 -0.050464 -3.847394)
(-0.283824 -0.050464 -3.847385)
(-0.283824 -0.050464 -3.847375)
(-0.283824 -0.050464 -3.847390)
(-0.283824 -0.050464 -3.847404)
(-0.283824 -0.050464 -3.847370)
(-0.283824 -0.050464 -3.847360)
(-0.283824 -0.050464 -3.847375)
(-0.283824 -0.050464 -3.847390)
(-0.283824 -0.050464 -3.847380)
(-0.283824 -0.050464 -3.847395)
(-0.283824 -0.050464 -3.847385)
(-0.283824 -0.050464 -3.847400)
(-0.283824 -0.050464 -3.847414)
(-0.283824 -0.050464 -3.847429)
(-0.283824 -0.050464 -3.847444)
(-0.283824 -0.050464 -3.847434)
(-0.283824 -0.050464 -3.847425)
(-0.283824 -0.050464 -3.847415)
(-0.283824 -0.050464 -3.847380)
(-0.283824 -0.050464 -3.847370)
(-0.283824 -0.050464 -3.847336)
(-0.283824 -0.050464 -3.847350)
(-0.283824 -0.050464 -3.847365)
(-0.283824 -0.050464 -3.847355)
(-0.283824 -0.050464 -3.847345)
(-0.283824 -0.050464 -3.847359)
(-0.283824 -0.050464 -3.847374)
(-0.283824 -0.050464 -3.847388)
(-0.283824 -0.050464 -3.847378)
(-0.283824 -0.050464 -3.847393)
(-0.283824 -0.050464 -3.847407)
(-0.283824 -0.050464 -3.847397)
(-0.283824 -0.050464 -3.847387)
(-0.283824 -0.050464 -3.847377)
(-0.283824 -0.050464 -3.847392)
(-0.283824 -0.050464 -3.847406)
(-0.283824 -0.050464 -3.847421)
(-0.283824 -0.050464 -3.847435)
(-0.283824 -0.050464 -3.847425)
(-0.283824 -0.050464 -3.847391)
(-0.283824 -0.050464 -3.847381)
(-0.283824 -0.050464 -3.847371)
(-0.283824 -0.050464 -3.847385)
(-0.283824 -0.050464 -3.847375)
(-0.283824 -0.050464 -3.847390)
(-0.283824 -0.050464 -3.847380)
(-0.283824 -0.050464 -3.847370)
(-0.283824 -0.050464 -3.847360)
(-0.283824 -0.050464 -3.847350)
(-0.283824 -0.050464 -3.847339)
(-0.283824 -0.050464 -3.847329)
(-0.283824 -0.050464 -3.847343)
(-0.283824 -0.050464 -3.847358)
(-0.283824 -0.050464 -3.847323)
(-0.283824 -0.050464 -3.847312)
(-0.283824 -0.050464 -3.847302)
(-0.283824 -0.050464 -3.847292)
(-0.283824 -0.050464 -3.847282)
(-0.283824 -0.050464 -3.847247)
(-0.283824 -0.050464 -3.847236)
(-0.283824 -0.050464 -3.847226)
(-0.283824 -0.050464 -3.847240)
(-0.283824 -0.050464 -3.847230)
(-0.283824 -0.050464 -3.847220)
(-0.283824 -0.050464 -3.847210)
(-0.283824 -0.050464 -3.847175)
(-0.283824 -0.050464 -3.847189)
(-0.283824 -0.050464 -3.847179)
(-0.283824 -0.050464 -3.847168)
(-0.283824 -0.050464 -3.847158)
(-0.283824 -0.050464 -3.847172)
(-0.283824 -0.050464 -3.847187)
(-0.283824 -0.050464 -3.847201)
(-0.283824 -0.050464 -3.847191)
(-0.283824 -0.050464 -3.847230)
(-0.283824 -0.050464 -3.847244)
(-0.283824 -0.050464 -3.847259)
(-0.283824 -0.050464 -3.847248)
(-0.283824 -0.050464 -3.847238)
(-0.283824 -0.050464 -3.847227)
(-0.283824 -0.050464 -3.847217)
(-0.283824 -0.050464 -3.847231)
(-0.283824 -0.050464 -3.847220)
(-0.283824 -0.050464 -3.847234)
(-0.283824 -0.050464 -3.847224)
(-0.283824 -0.050464 -3.847213)
(-0.283824 -0.050464 -3.847203)
(-0.283824 -0.050464 -3.847217)
(-0.283824 -0.050464 -3.847206)
(-0.283824 -0.050464 -3.847220)
(-0.283824 -0.050464 -3.847234)
(-0.283824 -0.050464 -3.847224)
(-0.283824 -0.050464 -3.847214)
(-0.283824 -0.050464 -3.847228)
(-0.283824 -0.050464 -3.847217)
(-0.283824 -0.050464 -3.847231)
(-0.283824 -0.050464 -3.847221)
(-0.283824 -0.050464 -3.847210)
(-0.283824 -0.050464 -3.847200)
(-0.283824 -0.050464 -3.847214)
(-0.283824 -0.050464 -3.847203)
(-0.283824 -0.050464 -3.847193)
(-0.283824 -0.050464 -3.847207)
(-0.283824 -0.050464 -3.847221)
(-0.283824 -0.050464 -3.847210)
(-0.283824 -0.050464 -3.847224)
(-0.283824 -0.050464 -3.847214)
(-0.283824 -0.050464 -3.847203)
(-0.283824 -0.050464 -3.847192)
(-0.283824 -0.050464 -3.847182)
(-0.283824 -0.050464 -3.847171)
(-0.283824 -0.050464 -3.847185)
(-0.283824 -0.050464 -3.847198)
(-0.283824 -0.050464 -3.847188)
(-0.283824 -0.050464 -3.847177)
(-0.283824 -0.050464 -3.847191)
(-0.283824 -0.050464 -3.847205)
(-0.283824 -0.050464 -3.847219)
(-0.283824 -0.050464 -3.847208)
(-0.283824 -0.050464 -3.847222)
(-0.283824 -0.050464 -3.847235)
(-0.283824 -0.050464 -3.847225)
(-0.283824 -0.050464 -3.847214)
(-0.283824 -0.050464 -3.847203)
(-0.283824 -0.050464 -3.847193)
(-0.283824 -0.050464 -3.847182)
(-0.283824 -0.050464 -3.847196)
(-0.283824 -0.050464 -3.847185)
(-0.283824 -0.050464 -3.847174)
(-0.283824 -0.050464 -3.847163)
(-0.283824 -0.050464 -3.847153)
(-0.283824 -0.050464 -3.847167)
(-0.283824 -0.050464 -3.847180)
(-0.283824 -0.050464 -3.847170)
(-0.283824 -0.050464 -3.847159)
(-0.283824 -0.050464 -3.847148)
(-0.283824 -0.050464 -3.847162)
(-0.283824 -0.050464 -3.847126)
(-0.283824 -0.050464 -3.847139)
(-0.283824 -0.050464 -3.847128)
(-0.283824 -0.050464 -3.847142)
(-0.283824 -0.050464 -3.847156)
(-0.283824 -0.050464 -3.847145)
(-0.283824 -0.050464 -3.847158)
(-0.283824 -0.050464 -3.847147)
(-0.283824 -0.050464 -3.847136)
(-0.283824 -0.050464 -3.847125)
(-0.283824 -0.050464 -3.847114)
(-0.283824 -0.050464 -3.847128)
(-0.283824 -0.050464 -3.847142)
(-0.283824 -0.050464 -3.847131)
(-0.283824 -0.050464 -3.847120)
(-0.283824 -0.050464 -3.847109)
(-0.283824 -0.050464 -3.847098)
(-0.283824 -0.050464 -3.847087)
(-0.283824 -0.050464 -3.847076)
(-0.283824 -0.050464 -3.847065)
(-0.283824 -0.050464 -3.847054)
(-0.283824 -0.050464 -3.847043)
(-0.283824 -0.050464 -3.847032)
(-0.283824 -0.050464 -3.847021)
(-0.283824 -0.050464 -3.847034)
(-0.283824 -0.050464 -3.847048)
(-0.283824 -0.050464 -3.847037)
(-0.283824 -0.050464 -3.847026)
(-0.283824 -0.050464 -3.847015)
(-0.283824 -0.050464 -3.847003)
(-0.283824 -0.050464 -3.847042)
(-0.283824 -0.050464 -3.847030)
(-0.283824 -0.050464 -3.847019)
(-0.283824 -0.050464 -3.847008)
(-0.283824 -0.050464 -3.847021)
(-0.283824 -0.050464 -3.847010)
(-0.283824 -0.050464 -3.846999)
(-0.283824 -0.050464 -3.847012)
(-0.283824 -0.050464 -3.847001)
(-0.283824 -0.050464 -3.847014)
(-0.283824 -0.050464 -3.847028)
(-0.283824 -0.050464 -3.847041)
(-0.283824 -0.050464 -3.847054)
(-0.283824 -0.050464 -3.847043)
(-0.283824 -0.050464 -3.847032)
(-0.283824 -0.050464 -3.847045)
(-0.283824 -0.050464 -3.847034)
(-0.283824 -0.050464 -3.847023)
(-0.283824 -0.050464 -3.847036)
(-0.283824 -0.050464 -3.847050)
(-0.283824 -0.050464 -3.847063)
(-0.283824 -0.050464 -3.847076)
(-0.283824 -0.050464 -3.847090)
(-0.283824 -0.050464 -3.847103)
(-0.283824 -0.050464 -3.847116)
(-0.283824 -0.050464 -3.847130)
(-0.283824 -0.050464 -3.847094)
(-0.283824 -0.050464 -3.847082)
(-0.283824 -0.050464 -3.847071)
(-0.283824 -0.050464 -3.847059)
(-0.283824 -0.050464 -3.847072)
(-0.283824 -0.050464 -3.847061)
(-0.283824 -0.050464 -3.847074)
(-0.283824 -0.050464 -3.847063)
(-0.283824 -0.050464 -3.847051)
(-0.283824 -0.050464 -3.847040)
(-0.283824 -0.050464 -3.847053)
(-0.283824 -0.050464 -3.847041)
(-0.283824 -0.050464 -3.847030)
(-0.283824 -0.050464 -3.847018)
(-0.283824 -0.050464 -3.847032)
(-0.283824 -0.050464 -3.846995)
(-0.283824 -0.050464 -3.847008)
(-0.283824 -0.050464 -3.847022)
(-0.283824 -0.050464 -3.846985)
(-0.283824 -0.050464 -3.846974)
(-0.283824 -0.050464 -3.846962)
(-0.283824 -0.050464 -3.846976)
(-0.283824 -0.050464 -3.846964)
(-0.283824 -0.050464 -3.846977)
(-0.283824 -0.050464 -3.846966)
(-0.283824 -0.050464 -3.846979)
(-0.283824 -0.050464 -3.846967)
(-0.283824 -0.050464 -3.846956)
(-0.283824 -0.050464 -3.846944)
(-0.283824 -0.050464 -3.846957)
(-0.283824 -0.050464 -3.846995)
(-0.283824 -0.050464 -3.846983)
(-0.283824 -0.050464 -3.846996)
(-0.283824 -0.050464 -3.846984)
(-0.283824 -0.050464 -3.847022)
(-0.283824 -0.050464 -3.847035)
(-0.283824 -0.050464 -3.847048)
(-0.283824 -0.050464 -3.847061)
(-0.283824 -0.050464 -3.847049)
(-0.283824 -0.050464 -3.847062)
(-0.283824 -0.050464 -3.847075)
(-0.283824 -0.050464 -3.847088)
(-0.283824 -0.050464 -3.847076)
(-0.283824 -0.050464 -3.847089)
(-0.283824 -0.050464 -3.847077)
(-0.283824 -0.050464 -3.847090)
(-0.283824 -0.050464 -3.847078)
(-0.283824 -0.050464 -3.847067)
(-0.283824 -0.050464 -3.847055)
(-0.283824 -0.050464 -3.847043)
(-0.283824 -0.050464 -3.847032)
(-0.283824 -0.050464 -3.847020)
(-0.283824 -0.050464 -3.847008)
(-0.283824 -0.050464 -3.846997)
(-0.283824 -0.050464 -3.847009)
(-0.283824 -0.050464 -3.846973)
(-0.283824 -0.050464 -3.846961)
(-0.283824 -0.050464 -3.846949)
(-0.283824 -0.050464 -3.846962)
(-0.283824 -0.050464 -3.846950)
(-0.283824 -0.050464 -3.846938)
(-0.283824 -0.050464 -3.846926)
(-0.283824 -0.050464 -3.846939)
(-0.283824 -0.050464 -3.846951)
(-0.283824 -0.050464 -3.846915)
(-0.283824 -0.050464 -3.846903)
(-0.283824 -0.050464 -3.846915)
(-0.283824 -0.050464 -3.846904)
(-0.283824 -0.050464 -3.846916)
(-0.283824 -0.050464 -3.846904)
(-0.283824 -0.050464 -3.846892)
(-0.283824 -0.050464 -3.846905)
(-0.283824 -0.050464 -3.846868)
(-0.283824 -0.050464 -3.846856)
(-0.283824 -0.050464 -3.846869)
(-0.283824 -0.050464 -3.846857)
(-0.283824 -0.050464 -3.846845)
(-0.283824 -0.050464 -3.846833)
(-0.283824 -0.050464 -3.846846)
(-0.283824 -0.050464 -3.846834)
(-0.283824 -0.050464 -3.846847)
(-0.283824 -0.050464 -3.846859)
(-0.283824 -0.050464 -3.846847)
(-0.283824 -0.050464 -3.846835)
(-0.283824 -0.050464 -3.846848)
(-0.283824 -0.050464 -3.846836)
(-0.283824 -0.050464 -3.846824)
(-0.283824 -0.050464 -3.846812)
(-0.283824 -0.050464 -3.846800)
(-0.283824 -0.050464 -3.846787)
(-0.283824 -0.050464 -3.846800)
(-0.283824 -0.050464 -3.846812)
(-0.283824 -0.050464 -3.846800)
(-0.283824 -0.050464 -3.846788)
(-0.283824 -0.050464 -3.846776)
(-0.283824 -0.050464 -3.846788)
(-0.283824 -0.050464 -3.846776)
(-0.283824 -0.050464 -3.846788)
(-0.283824 -0.050464 -3.846776)
(-0.283824 -0.050464 -3.846789)
(-0.283824 -0.050464 -3.846776)
(-0.283824 -0.050464 -3.846764)
(-0.283824 -0.050464 -3.846752)
(-0.283824 -0.050464 -3.846740)
(-0.283824 -0.050464 -3.846728)
(-0.283824 -0.050464 -3.846716)
(-0.283824 -0.050464 -3.846704)
(-0.283824 -0.050464 -3.846691)
(-0.283824 -0.050464 -3.846704)
(-0.283824 -0.050464 -3.846692)
(-0.283824 -0.050464 -3.846679)
(-0.283824 -0.050464 -3.846692)
(-0.283824 -0.050464 -3.846704)
(-0.283824 -0.050464 -3.846692)
(-0.283824 -0.050464 -3.846704)
(-0.283824 -0.050464 -3.846716)
(-0.283824 -0.050464 -3.846704)
(-0.283824 -0.050464 -3.846716)
(-0.283824 -0.050464 -3.846704)
(-0.283824 -0.050464 -3.846691)
(-0.283824 -0.050464 -3.846704)
(-0.283824 -0.050464 -3.846716)
(-0.283824 -0.050464 -3.846728)
(-0.283824 -0.050464 -3.846715)
(-0.283824 -0.050464 -3.846728)
(-0.283824 -0.050464 -3.846740)
(-0.283824 -0.050464 -3.846752)
(-0.283824 -0.050464 -3.846764)
(-0.283824 -0.050464 -3.846776)
(-0.283824 -0.050464 -3.846788)
(-0.283824 -0.050464 -3.846776)
(-0.283824 -0.050464 -3.846764)
(-0.283824 -0.050464 -3.846776)
(-0.283824 -0.050464 -3.846763)
(-0.283824 -0.050464 -3.846751)
(-0.283824 -0.050464 -3.846763)
(-0.283824 -0.050464 -3.846751)
(-0.283824 -0.050464 -3.846738)
(-0.283824 -0.050464 -3.846726)
(-0.283824 -0.050464 -3.846738)
(-0.283824 -0.050464 -3.846726)
(-0.283824 -0.050464 -3.846738)
(-0.283824 -0.050464 -3.846725)
(-0.283824 -0.050464 -3.846688)
(-0.283824 -0.050464 -3.846700)
(-0.283824 -0.050464 -3.846712)
(-0.283824 -0.050464 -3.846724)
(-0.283824 -0.050464 -3.846736)
(-0.283824 -0.050464 -3.846723)
(-0.283824 -0.050464 -3.846710)
(-0.283824 -0.050464 -3.846698)
(-0.283824 -0.050464 -3.846685)
(-0.283824 -0.050464 -3.846697)
(-0.283824 -0.050464 -3.846709)
(-0.283824 -0.050464 -3.846696)
(-0.283824 -0.050464 -3.846684)
(-0.283824 -0.050464 -3.846671)
(-0.283824 -0.050464 -3.846683)
(-0.283824 -0.050464 -3.846695)
(-0.283824 -0.050464 -3.846682)
(-0.283824 -0.050464 -3.846670)
(-0.283824 -0.050464 -3.846657)
(-0.283824 -0.050464 -3.846644)
(-0.283824 -0.050464 -3.846656)
(-0.283824 -0.050464 -3.846644)
(-0.283824 -0.050464 -3.846656)
(-0.283824 -0.050464 -3.846643)
(-0.283824 -0.050464 -3.846655)
(-0.283824 -0.050464 -3.846642)
(-0.283824 -0.050464 -3.846654)
(-0.283824 -0.050464 -3.846642)
(-0.283824 -0.050464 -3.846629)
(-0.283824 -0.050464 -3.846640)
(-0.283824 -0.050464 -3.846652)
(-0.283824 -0.050464 -3.846639)
(-0.283824 -0.050464 -3.846626)
(-0.283824 -0.050464 -3.846613)
(-0.283824 -0.050464 -3.846601)
(-0.283824 -0.050464 -3.846563)
(-0.283824 -0.050464 -3.846525)
(-0.283824 -0.050464 -3.846537)
(-0.283824 -0.050464 -3.846524)
(-0.283824 -0.050464 -3.846511)
(-0.283824 -0.050464 -3.846498)
(-0.283824 -0.050464 -3.846510)
(-0.283824 -0.050464 -3.846497)
(-0.283824 -0.050464 -3.846459)
(-0.283824 -0.050464 -3.846471)
(-0.283824 -0.050464 -3.846458)
(-0.283824 -0.050464 -3.846470)
(-0.283824 -0.050464 -3.846457)
(-0.283824 -0.050464 -3.846444)
(-0.283824 -0.050464 -3.846431)
(-0.283824 -0.050464 -3.846394)
(-0.283824 -0.050464 -3.846381)
(-0.283824 -0.050464 -3.846392)
(-0.283824 -0.050464 -3.846404)
(-0.283824 -0.050464 -3.846391)
(-0.283824 -0.050464 -3.846403)
(-0.283824 -0.050464 -3.846390)
(-0.283824 -0.050464 -3.846377)
(-0.283824 -0.050464 -3.846388)
(-0.283824 -0.050464 -3.846400)
(-0.283824 -0.050464 -3.846387)
(-0.283824 -0.050464 -3.846398)
(-0.283824 -0.050464 -3.846385)
(-0.283824 -0.050464 -3.846347)
(-0.283824 -0.050464 -3.846334)
(-0.283824 -0.050464 -3.846345)
(-0.283824 -0.050464 -3.846357)
(-0.283824 -0.050464 -3.846368)
(-0.283824 -0.050464 -3.846380)
(-0.283824 -0.050464 -3.846367)
(-0.283824 -0.050464 -3.846354)
(-0.283824 -0.050464 -3.846340)
(-0.283824 -0.050464 -3.846352)
(-0.283824 -0.050464 -3.846339)
(-0.283824 -0.050464 -3.846326)
(-0.283824 -0.050464 -3.846337)
(-0.283824 -0.050464 -3.846324)
(-0.283824 -0.050464 -3.846311)
(-0.283824 -0.050464 -3.846322)
(-0.283824 -0.050464 -3.846334)
(-0.283824 -0.050464 -3.846321)
(-0.283824 -0.050464 -3.846308)
(-0.283824 -0.050464 -3.846319)
(-0.283824 -0.050464 -3.846330)
(-0.283824 -0.050464 -3.846317)
(-0.283824 -0.050464 -3.846304)
(-0.283824 -0.050464 -3.846291)
(-0.283824 -0.050464 -3.846277)
(-0.283824 -0.050464 -3.846289)
(-0.283824 -0.050464 -3.846275)
(-0.283824 -0.050464 -3.846287)
(-0.283824 -0.050464 -3.846298)
(-0.283824 -0.050464 -3.846284)
(-0.283824 -0.050464 -3.846296)
(-0.283824 -0.050464 -3.846307)
(-0.283824 -0.050464 -3.846318)
(-0.283824 -0.050464 -3.846305)
(-0.283824 -0.050464 -3.846316)
(-0.283824 -0.050464 -3.846303)
(-0.283824 -0.050464 -3.846314)
(-0.283824 -0.050464 -3.846325)
(-0.283824 -0.050464 -3.846336)
(-0.283824 -0.050464 -3.846323)
(-0.283824 -0.050464 -3.846309)
(-0.283824 -0.050464 -3.846296)
(-0.283824 -0.050464 -3.846307)
(-0.283824 -0.050464 -3.846269)
(-0.283824 -0.050464 -3.846256)
(-0.283824 -0.050464 -3.846218)
(-0.283824 -0.050464 -3.846229)
(-0.283824 -0.050464 -3.846215)
(-0.283824 -0.050464 -3.846202)
(-0.283824 -0.050464 -3.846213)
(-0.283824 -0.050464 -3.846200)
(-0.283824 -0.050464 -3.846187)
(-0.283824 -0.050464 -3.846198)
(-0.283824 -0.050464 -3.846209)
(-0.283824 -0.050464 -3.846220)
(-0.283824 -0.050464 -3.846206)
(-0.283824 -0.050464 -3.846168)
(-0.283824 -0.050464 -3.846203)
(-0.283824 -0.050464 -3.846239)
(-0.283824 -0.050464 -3.846250)
(-0.283824 -0.050464 -3.846261)
(-0.283824 -0.050464 -3.846272)
(-0.283824 -0.050464 -3.846258)
(-0.283824 -0.050464 -3.846269)
(-0.283824 -0.050464 -3.846256)
(-0.283824 -0.050464 -3.846267)
(-0.283824 -0.050464 -3.846253)
(-0.283824 -0.050464 -3.846240)
(-0.283824 -0.050464 -3.846251)
(-0.283824 -0.050464 -3.846237)
(-0.283824 -0.050464 -3.846248)
(-0.283824 -0.050464 -3.846259)
(-0.283824 -0.050464 -3.846270)
(-0.283824 -0.050464 -3.846256)
(-0.283824 -0.050464 -3.846243)
(-0.283824 -0.050464 -3.846204)
(-0.283824 -0.050464 -3.846191)
(-0.283824 -0.050464 -3.846202)
(-0.283824 -0.050464 -3.846188)
(-0.283824 -0.050464 -3.846174)
(-0.283824 -0.050464 -3.846161)
(-0.283824 -0.050464 -3.846147)
(-0.283824 -0.050464 -3.846158)
(-0.283824 -0.050464 -3.846144)
(-0.283824 -0.050464 -3.846130)
(-0.283824 -0.050464 -3.846116)
(-0.283824 -0.050464 -3.846102)
(-0.283824 -0.050464 -3.846089)
(-0.283824 -0.050464 -3.846099)
(-0.283824 -0.050464 -3.846061)
(-0.283824 -0.050464 -3.846071)
(-0.283824 -0.050464 -3.846058)
(-0.283824 -0.050464 -3.846044)
(-0.283824 -0.050464 -3.846055)
(-0.283824 -0.050464 -3.846065)
(-0.283824 -0.050464 -3.846051)
(-0.283824 -0.050464 -3.846038)
(-0.283824 -0.050464 -3.846024)
(-0.283824 -0.050464 -3.846035)
(-0.283824 -0.050464 -3.846045)
(-0.283824 -0.050464 -3.846007)
(-0.283824 -0.050464 -3.846017)
(-0.283824 -0.050464 -3.846028)
(-0.283824 -0.050464 -3.846014)
(-0.283824 -0.050464 -3.846000)
(-0.283824 -0.050464 -3.845987)
(-0.283824 -0.050464 -3.845997)
(-0.283824 -0.050464 -3.845984)
(-0.283824 -0.050464 -3.845994)
(-0.283824 -0.050464 -3.845980)
(-0.283824 -0.050464 -3.845966)
(-0.283824 -0.050464 -3.845952)
(-0.283824 -0.050464 -3.845938)
(-0.283824 -0.050464 -3.845924)
(-0.283824 -0.050464 -3.845934)
(-0.283824 -0.050464 -3.845970)
(-0.283824 -0.050464 -3.845980)
(-0.283824 -0.050464 -3.845966)
(-0.283824 -0.050464 -3.845977)
(-0.283824 -0.050464 -3.845963)
(-0.283824 -0.050464 -3.845973)
(-0.283824 -0.050464 -3.845959)
(-0.283824 -0.050464 -3.845945)
(-0.283824 -0.050464 -3.845931)
(-0.283824 -0.050464 -3.845892)
(-0.283824 -0.050464 -3.845878)
(-0.283824 -0.050464 -3.845888)
(-0.283824 -0.050464 -3.845874)
(-0.283824 -0.050464 -3.845885)
(-0.283824 -0.050464 -3.845895)
(-0.283824 -0.050464 -3.845881)
(-0.283824 -0.050464 -3.845867)
(-0.283824 -0.050464 -3.845853)
(-0.283824 -0.050464 -3.845839)
(-0.283824 -0.050464 -3.845850)
(-0.283824 -0.050464 -3.845860)
(-0.283824 -0.050464 -3.845870)
(-0.283824 -0.050464 -3.845881)
(-0.283824 -0.050464 -3.845867)
(-0.283824 -0.050464 -3.845877)
(-0.283824 -0.050464 -3.845887)
(-0.283824 -0.050464 -3.845897)
(-0.283824 -0.050464 -3.845908)
(-0.283824 -0.050464 -3.845918)
(-0.283824 -0.050464 -3.845928)
(-0.283824 -0.050464 -3.845914)
(-0.283824 -0.050464 -3.845900)
(-0.283824 -0.050464 -3.845885)
(-0.283824 -0.050464 -3.845896)
(-0.283824 -0.050464 -3.845906)
(-0.283824 -0.050464 -3.845867)
(-0.283824 -0.050464 -3.845877)
(-0.283824 -0.050464 -3.845887)
(-0.283824 -0.050464 -3.845897)
(-0.283824 -0.050464 -3.845883)
(-0.283824 -0.050464 -3.845893)
(-0.283824 -0.050464 -3.845879)
(-0.283824 -0.050464 -3.845865)
(-0.283824 -0.050464 -3.845850)
(-0.283824 -0.050464 -3.845861)
(-0.283824 -0.050464 -3.845846)
(-0.283824 -0.050464 -3.845832)
(-0.283824 -0.050464 -3.845842)
(-0.283824 -0.050464 -3.845853)
(-0.283824 -0.050464 -3.845838)
(-0.283824 -0.050464 -3.845849)
(-0.283824 -0.050464 -3.845859)
(-0.283824 -0.050464 -3.845869)
(-0.283824 -0.050464 -3.845854)
(-0.283824 -0.050464 -3.845840)
(-0.283824 -0.050464 -3.845850)
(-0.283824 -0.050464 -3.845835)
(-0.283824 -0.050464 -3.845821)
(-0.283824 -0.050464 -3.845831)
(-0.283824 -0.050464 -3.845841)
(-0.283824 -0.050464 -3.845826)
(-0.283824 -0.050464 -3.845812)
(-0.283824 -0.050464 -3.845797)
(-0.283824 -0.050464 -3.845783)
(-0.283824 -0.050464 -3.845793)
(-0.283824 -0.050464 -3.845778)
(-0.283824 -0.050464 -3.845763)
(-0.283824 -0.050464 -3.845724)
(-0.283824 -0.050464 -3.845710)
(-0.283824 -0.050464 -3.845720)
(-0.283824 -0.050464 -3.845730)
(-0.283824 -0.050464 -3.845715)
(-0.283824 -0.050464 -3.845701)
(-0.283824 -0.050464 -3.845711)
(-0.283824 -0.050464 -3.845696)
(-0.283824 -0.050464 -3.845681)
(-0.283824 -0.050464 -3.845691)
(-0.283824 -0.050464 -3.845701)
(-0.283824 -0.050464 -3.845711)
(-0.283824 -0.050464 -3.845721)
(-0.283824 -0.050464 -3.845707)
(-0.283824 -0.050464 -3.845716)
(-0.283824 -0.050464 -3.845702)
(-0.283824 -0.050464 -3.845711)
(-0.283824 -0.050464 -3.845697)
(-0.283824 -0.050464 -3.845682)
(-0.283824 -0.050464 -3.845667)
(-0.283824 -0.050464 -3.845652)
(-0.283824 -0.050464 -3.845662)
(-0.283824 -0.050464 -3.845672)
(-0.283824 -0.050464 -3.845657)
(-0.283824 -0.050464 -3.845642)
(-0.283824 -0.050464 -3.845628)
(-0.283824 -0.050464 -3.845613)
(-0.283824 -0.050464 -3.845598)
(-0.283824 -0.050464 -3.845583)
(-0.283824 -0.050464 -3.845593)
(-0.283824 -0.050464 -3.845603)
(-0.283824 -0.050464 -3.845588)
(-0.283824 -0.050464 -3.845598)
(-0.283824 -0.050464 -3.845583)
(-0.283824 -0.050464 -3.845568)
(-0.283824 -0.050464 -3.845578)
(-0.283824 -0.050464 -3.845588)
(-0.283824 -0.050464 -3.845598)
(-0.283824 -0.050464 -3.845583)
(-0.283824 -0.050464 -3.845568)
(-0.283824 -0.050464 -3.845578)
(-0.283824 -0.050464 -3.845563)
(-0.283824 -0.050464 -3.845548)
(-0.283824 -0.050464 -3.845533)
(-0.283824 -0.050464 -3.845542)
(-0.283824 -0.050464 -3.845527)
(-0.283824 -0.050464 -3.845537)
(-0.283824 -0.050464 -3.845522)
(-0.283824 -0.050464 -3.845556)
(-0.283824 -0.050464 -3.845566)
(-0.283824 -0.050464 -3.845551)
(-0.283824 -0.050464 -3.845560)
(-0.283824 -0.050464 -3.845545)
(-0.283824 -0.050464 -3.845555)
(-0.283824 -0.050464 -3.845564)
(-0.283824 -0.050464 -3.845549)
(-0.283824 -0.050464 -3.845559)
(-0.283824 -0.050464 -3.845568)
(-0.283824 -0.050464 -3.845578)
(-0.283824 -0.050464 -3.845563)
(-0.283824 -0.050464 -3.845572)
(-0.283824 -0.050464 -3.845557)
(-0.283824 -0.050464 -3.845567)
(-0.283824 -0.050464 -3.845552)
(-0.283824 -0.050464 -3.845537)
(-0.283824 -0.050464 -3.845546)
(-0.283824 -0.050464 -3.845531)
(-0.283824 -0.050464 -3.845516)
(-0.283824 -0.050464 -3.845501)
(-0.283824 -0.050464 -3.845486)
(-0.283824 -0.050464 -3.845496)
(-0.283824 -0.050464 -3.845505)
(-0.283824 -0.050464 -3.845490)
(-0.283824 -0.050464 -3.845475)
(-0.283824 -0.050464 -3.845459)
(-0.283824 -0.050464 -3.845469)
(-0.283824 -0.050464 -3.845454)
(-0.283824 -0.050464 -3.845463)
(-0.283824 -0.050464 -3.845472)
(-0.283824 -0.050464 -3.845432)
(-0.283824 -0.050464 -3.845417)
(-0.283824 -0.050464 -3.845402)
(-0.283824 -0.050464 -3.845411)
(-0.283824 -0.050464 -3.845445)
(-0.283824 -0.050464 -3.845430)
(-0.283824 -0.050464 -3.845414)
(-0.283824 -0.050464 -3.845399)
(-0.283824 -0.050464 -3.845408)
(-0.283824 -0.050464 -3.845393)
(-0.283824 -0.050464 -3.845378)
(-0.283824 -0.050464 -3.845363)
(-0.283824 -0.050464 -3.845347)
(-0.283824 -0.050464 -3.845357)
(-0.283824 -0.050464 -3.845366)
(-0.283824 -0.050464 -3.845351)
(-0.283824 -0.050464 -3.845360)
(-0.283824 -0.050464 -3.845369)
(-0.283824 -0.050464 -3.845379)
(-0.283824 -0.050464 -3.845363)
(-0.283824 -0.050464 -3.845323)
(-0.283824 -0.050464 -3.845332)
(-0.283824 -0.050464 -3.845317)
(-0.283824 -0.050464 -3.845301)
(-0.283824 -0.050464 -3.845286)
(-0.283824 -0.050464 -3.845295)
(-0.283824 -0.050464 -3.845304)
(-0.283824 -0.050464 -3.845313)
(-0.283824 -0.050464 -3.845298)
(-0.283824 -0.050464 -3.845282)
(-0.283824 -0.050464 -3.845291)
(-0.283824 -0.050464 -3.845300)
(-0.283824 -0.050464 -3.845309)
(-0.283824 -0.050464 -3.845294)
(-0.283824 -0.050464 -3.845303)
(-0.283824 -0.050464 -3.845287)
(-0.283824 -0.050464 -3.845272)
(-0.283824 -0.050464 -3.845256)
(-0.283824 -0.050464 -3.845241)
(-0.283824 -0.050464 -3.845250)
(-0.283824 -0.050464 -3.845234)
(-0.283824 -0.050464 -3.845219)
(-0.283824 -0.050464 -3.845203)
(-0.283824 -0.050464 -3.845212)
(-0.283824 -0.050464 -3.845197)
(-0.283824 -0.050464 -3.845206)
(-0.283824 -0.050464 -3.845215)
(-0.283824 -0.050464 -3.845224)
(-0.283824 -0.050464 -3.845209)
(-0.283824 -0.050464 -3.845217)
(-0.283824 -0.050464 -3.845202)
(-0.283824 -0.050464 -3.845235)
(-0.283824 -0.050464 -3.845220)
(-0.283824 -0.050464 -3.845228)
(-0.283824 -0.050464 -3.845213)
(-0.283824 -0.050464 -3.845197)
(-0.283824 -0.050464 -3.845181)
(-0.283824 -0.050464 -3.845165)
(-0.283824 -0.050464 -3.845174)
(-0.283824 -0.050464 -3.845183)
(-0.283824 -0.050464 -3.845192)
(-0.283824 -0.050464 -3.845176)
(-0.283824 -0.050464 -3.845185)
(-0.283824 -0.050464 -3.845169)
(-0.283824 -0.050464 -3.845178)
(-0.283824 -0.050464 -3.845162)
(-0.283824 -0.050464 -3.845147)
(-0.283824 -0.050464 -3.845131)
(-0.283824 -0.050464 -3.845140)
(-0.283824 -0.050464 -3.845124)
(-0.283824 -0.050464 -3.845108)
(-0.283824 -0.050464 -3.845093)
(-0.283824 -0.050464 -3.845077)
(-0.283824 -0.050464 -3.845086)
(-0.283824 -0.050464 -3.845070)
(-0.283824 -0.050464 -3.845079)
(-0.283824 -0.050464 -3.845063)
(-0.283824 -0.050464 -3.845072)
(-0.283824 -0.050464 -3.845056)
(-0.283824 -0.050464 -3.845065)
(-0.283824 -0.050464 -3.845049)
(-0.283824 -0.050464 -3.845033)
(-0.283824 -0.050464 -3.845017)
(-0.283824 -0.050464 -3.845025)
(-0.283824 -0.050464 -3.845034)
(-0.283824 -0.050464 -3.845042)
(-0.283824 -0.050464 -3.845051)
(-0.283824 -0.050464 -3.845060)
(-0.283824 -0.050464 -3.845068)
(-0.283824 -0.050464 -3.845052)
(-0.283824 -0.050464 -3.845061)
(-0.283824 -0.050464 -3.845045)
(-0.283824 -0.050464 -3.845029)
(-0.283824 -0.050464 -3.845013)
(-0.283824 -0.050464 -3.844997)
(-0.283824 -0.050464 -3.844981)
(-0.283824 -0.050464 -3.844940)
(-0.283824 -0.050464 -3.844924)
(-0.283824 -0.050464 -3.844908)
(-0.283824 -0.050464 -3.844892)
(-0.283824 -0.050464 -3.844901)
(-0.283824 -0.050464 -3.844909)
(-0.283824 -0.050464 -3.844918)
(-0.283824 -0.050464 -3.844927)
(-0.283824 -0.050464 -3.844911)
(-0.283824 -0.050464 -3.844895)
(-0.283824 -0.050464 -3.844879)
(-0.283824 -0.050464 -3.844887)
(-0.283824 -0.050464 -3.844895)
(-0.283824 -0.050464 -3.844904)
(-0.283824 -0.050464 -3.844912)
(-0.283824 -0.050464 -3.844896)
(-0.283824 -0.050464 -3.844929)
(-0.283824 -0.050464 -3.844913)
(-0.283824 -0.050464 -3.844897)
(-0.283824 -0.050464 -3.844880)
(-0.283824 -0.050464 -3.844864)
(-0.283824 -0.050464 -3.844872)
(-0.283824 -0.050464 -3.844881)
(-0.283824 -0.050464 -3.844889)
(-0.283824 -0.050464 -3.844873)
(-0.283824 -0.050464 -3.844857)
(-0.283824 -0.050464 -3.844841)
(-0.283824 -0.050464 -3.844849)
(-0.283824 -0.050464 -3.844833)
(-0.283824 -0.050464 -3.844816)
(-0.283824 -0.050464 -3.844825)
(-0.283824 -0.050464 -3.844809)
(-0.283824 -0.050464 -3.844792)
(-0.283824 -0.050464 -3.844801)
(-0.283824 -0.050464 -3.844784)
(-0.283824 -0.050464 -3.844793)
(-0.283824 -0.050464 -3.844777)
(-0.283824 -0.050464 -3.844760)
(-0.283824 -0.050464 -3.844744)
(-0.283824 -0.050464 -3.844753)
(-0.283824 -0.050464 -3.844736)
(-0.283824 -0.050464 -3.844720)
(-0.283824 -0.050464 -3.844703)
(-0.283824 -0.050464 -3.844711)
(-0.283824 -0.050464 -3.844744)
(-0.283824 -0.050464 -3.844728)
(-0.283824 -0.050464 -3.844711)
(-0.283824 -0.050464 -3.844695)
(-0.283824 -0.050464 -3.844678)
(-0.283824 -0.050464 -3.844687)
(-0.283824 -0.050464 -3.844670)
(-0.283824 -0.050464 -3.844654)
(-0.283824 -0.050464 -3.844662)
(-0.283824 -0.050464 -3.844645)
(-0.283824 -0.050464 -3.844629)
(-0.283824 -0.050464 -3.844637)
(-0.283824 -0.050464 -3.844645)
(-0.283824 -0.050464 -3.844629)
(-0.283824 -0.050464 -3.844637)
(-0.283824 -0.050464 -3.844645)
(-0.283824 -0.050464 -3.844628)
(-0.283824 -0.050464 -3.844661)
(-0.283824 -0.050464 -3.844669)
(-0.283824 -0.050464 -3.844653)
(-0.283824 -0.050464 -3.844636)
(-0.283824 -0.050464 -3.844620)
(-0.283824 -0.050464 -3.844604)
(-0.283824 -0.050464 -3.844587)
(-0.283824 -0.050464 -3.844571)
(-0.283824 -0.050464 -3.844579)
(-0.283824 -0.050464 -3.844562)
(-0.283824 -0.050464 -3.844545)
(-0.283824 -0.050464 -3.844553)
(-0.283824 -0.050464 -3.844536)
(-0.283824 -0.050464 -3.844544)
(-0.283824 -0.050464 -3.844527)
(-0.283824 -0.050464 -3.844511)
(-0.283824 -0.050464 -3.844494)
(-0.283824 -0.050464 -3.844502)
(-0.283824 -0.050464 -3.844485)
(-0.283824 -0.050464 -3.844469)
(-0.283824 -0.050464 -3.844476)
(-0.283824 -0.050464 -3.844509)
(-0.283824 -0.050464 -3.844492)
(-0.283824 -0.050464 -3.844476)
(-0.283824 -0.050464 -3.844459)
(-0.283824 -0.050464 -3.844442)
(-0.283824 -0.050464 -3.844450)
(-0.283824 -0.050464 -3.844434)
(-0.283824 -0.050464 -3.844441)
(-0.283824 -0.050464 -3.844425)
(-0.283824 -0.050464 -3.844408)
(-0.283824 -0.050464 -3.844391)
(-0.283824 -0.050464 -3.844375)
(-0.283824 -0.050464 -3.844383)
(-0.283824 -0.050464 -3.844390)
(-0.283824 -0.050464 -3.844374)
(-0.283824 -0.050464 -3.844357)
(-0.283824 -0.050464 -3.844364)
(-0.283824 -0.050464 -3.844347)
(-0.283824 -0.050464 -3.844355)
(-0.283824 -0.050464 -3.844363)
(-0.283824 -0.050464 -3.844346)
(-0.283824 -0.050464 -3.844353)
(-0.283824 -0.050464 -3.844337)
(-0.283824 -0.050464 -3.844344)
(-0.283824 -0.050464 -3.844327)
(-0.283824 -0.050464 -3.844285)
(-0.283824 -0.050464 -3.844269)
(-0.283824 -0.050464 -3.844252)
(-0.283824 -0.050464 -3.844235)
(-0.283824 -0.050464 -3.844193)
(-0.283824 -0.050464 -3.844176)
(-0.283824 -0.050464 -3.844159)
(-0.283824 -0.050464 -3.844167)
(-0.283824 -0.050464 -3.844150)
(-0.283824 -0.050464 -3.844157)
(-0.283824 -0.050464 -3.844141)
(-0.283824 -0.050464 -3.844124)
(-0.283824 -0.050464 -3.844131)
(-0.283824 -0.050464 -3.844114)
(-0.283824 -0.050464 -3.844122)
(-0.283824 -0.050464 -3.844105)
(-0.283824 -0.050464 -3.844088)
(-0.283824 -0.050464 -3.844096)
(-0.283824 -0.050464 -3.844103)
(-0.283824 -0.050464 -3.844111)
(-0.283824 -0.050464 -3.844094)
(-0.283824 -0.050464 -3.844076)
(-0.283824 -0.050464 -3.844084)
(-0.283824 -0.050464 -3.844091)
(-0.283824 -0.050464 -3.844074)
(-0.283824 -0.050464 -3.844081)
(-0.283824 -0.050464 -3.844089)
(-0.283824 -0.050464 -3.844096)
(-0.283824 -0.050464 -3.844079)
(-0.283824 -0.050464 -3.844062)
(-0.283824 -0.050464 -3.844069)
(-0.283824 -0.050464 -3.844052)
(-0.283824 -0.050464 -3.844035)
(-0.283824 -0.050464 -3.844042)
(-0.283824 -0.050464 -3.844050)
(-0.283824 -0.050464 -3.844008)
(-0.283824 -0.050464 -3.844015)
(-0.283824 -0.050464 -3.844023)
(-0.283824 -0.050464 -3.844005)
(-0.283824 -0.050464 -3.843988)
(-0.283824 -0.050464 -3.843996)
(-0.283824 -0.050464 -3.843978)
(-0.283824 -0.050464 -3.843961)
(-0.283824 -0.050464 -3.843944)
(-0.283824 -0.050464 -3.843927)
(-0.283824 -0.050464 -3.843910)
(-0.283824 -0.050464 -3.843917)
(-0.283824 -0.050464 -3.843925)
(-0.283824 -0.050464 -3.843932)
(-0.283824 -0.050464 -3.843939)
(-0.283824 -0.050464 -3.843921)
(-0.283824 -0.050464 -3.843904)
(-0.283824 -0.050464 -3.843887)
(-0.283824 -0.050464 -3.843894)
(-0.283824 -0.050464 -3.843901)
(-0.283824 -0.050464 -3.843884)
(-0.283824 -0.050464 -3.843891)
(-0.283824 -0.050464 -3.843873)
(-0.283824 -0.050464 -3.843856)
(-0.283824 -0.050464 -3.843888)
(-0.283824 -0.050464 -3.843895)
(-0.283824 -0.050464 -3.843878)
(-0.283824 -0.050464 -3.843860)
(-0.283824 -0.050464 -3.843843)
(-0.283824 -0.050464 -3.843850)
(-0.283824 -0.050464 -3.843832)
(-0.283824 -0.050464 -3.843815)
(-0.283824 -0.050464 -3.843822)
(-0.283824 -0.050464 -3.843829)
(-0.283824 -0.050464 -3.843812)
(-0.283824 -0.050464 -3.843819)
(-0.283824 -0.050464 -3.843802)
(-0.283824 -0.050464 -3.843809)
(-0.283824 -0.050464 -3.843816)
(-0.283824 -0.050464 -3.843799)
(-0.283824 -0.050464 -3.843781)
(-0.283824 -0.050464 -3.843764)
(-0.283824 -0.050464 -3.843771)
(-0.283824 -0.050464 -3.843777)
(-0.283824 -0.050464 -3.843784)
(-0.283824 -0.050464 -3.843791)
(-0.283824 -0.050464 -3.843774)
(-0.283824 -0.050464 -3.843756)
(-0.283824 -0.050464 -3.843763)
(-0.283824 -0.050464 -3.843770)
(-0.283824 -0.050464 -3.843777)
(-0.283824 -0.050464 -3.843759)
(-0.283824 -0.050464 -3.843766)
(-0.283824 -0.050464 -3.843773)
(-0.283824 -0.050464 -3.843755)
(-0.283824 -0.050464 -3.843762)
(-0.283824 -0.050464 -3.843769)
(-0.283824 -0.050464 -3.843776)
(-0.283824 -0.050464 -3.843783)
(-0.283824 -0.050464 -3.843790)
(-0.283824 -0.050464 -3.843772)
(-0.283824 -0.050464 -3.843779)
(-0.283824 -0.050464 -3.843761)
(-0.283824 -0.050464 -3.843744)
(-0.283824 -0.050464 -3.843726)
(-0.283824 -0.050464 -3.843733)
(-0.283824 -0.050464 -3.843715)
(-0.283824 -0.050464 -3.843698)
(-0.283824 -0.050464 -3.843680)
(-0.283824 -0.050464 -3.843687)
(-0.283824 -0.050464 -3.843694)
(-0.283824 -0.050464 -3.843700)
(-0.283824 -0.050464 -3.843683)
(-0.283824 -0.050464 -3.843665)
(-0.283824 -0.050464 -3.843647)
(-0.283824 -0.050464 -3.843629)
(-0.283824 -0.050464 -3.843586)
(-0.283824 -0.050464 -3.843568)
(-0.283824 -0.050464 -3.843575)
(-0.283824 -0.050464 -3.843557)
(-0.283824 -0.050464 -3.843539)
(-0.283824 -0.050464 -3.843546)
(-0.283824 -0.050464 -3.843528)
(-0.283824 -0.050464 -3.843535)
(-0.283824 -0.050464 -3.843517)
(-0.283824 -0.050464 -3.843524)
(-0.283824 -0.050464 -3.843530)
(-0.283824 -0.050464 -3.843488)
(-0.283824 -0.050464 -3.843470)
(-0.283824 -0.050464 -3.843452)
(-0.283824 -0.050464 -3.843458)
(-0.283824 -0.050464 -3.843441)
(-0.283824 -0.050464 -3.843447)
(-0.283824 -0.050464 -3.843429)
(-0.283824 -0.050464 -3.843436)
(-0.283824 -0.050464 -3.843443)
(-0.283824 -0.050464 -3.843425)
(-0.283824 -0.050464 -3.843407)
(-0.283824 -0.050464 -3.843389)
(-0.283824 -0.050464 -3.843395)
(-0.283824 -0.050464 -3.843427)
(-0.283824 -0.050464 -3.843433)
(-0.283824 -0.050464 -3.843415)
(-0.283824 -0.050464 -3.843397)
(-0.283824 -0.050464 -3.843403)
(-0.283824 -0.050464 -3.843385)
(-0.283824 -0.050464 -3.843367)
(-0.283824 -0.050464 -3.843374)
(-0.283824 -0.050464 -3.843355)
(-0.283824 -0.050464 -3.843337)
(-0.283824 -0.050464 -3.843344)
(-0.283824 -0.050464 -3.843326)
(-0.283824 -0.050464 -3.843307)
(-0.283824 -0.050464 -3.843289)
(-0.283824 -0.050464 -3.843296)
(-0.283824 -0.050464 -3.843278)
(-0.283824 -0.050464 -3.843260)
(-0.283824 -0.050464 -3.843241)
(-0.283824 -0.050464 -3.843223)
(-0.283824 -0.050464 -3.843230)
(-0.283824 -0.050464 -3.843212)
(-0.283824 -0.050464 -3.843194)
(-0.283824 -0.050464 -3.843175)
(-0.283824 -0.050464 -3.843157)
(-0.283824 -0.050464 -3.843139)
(-0.283824 -0.050464 -3.843146)
(-0.283824 -0.050464 -3.843152)
(-0.283824 -0.050464 -3.843158)
(-0.283824 -0.050464 -3.843140)
(-0.283824 -0.050464 -3.843122)
(-0.283824 -0.050464 -3.843128)
(-0.283824 -0.050464 -3.843134)
(-0.283824 -0.050464 -3.843116)
(-0.283824 -0.050464 -3.843122)
(-0.283824 -0.050464 -3.843104)
(-0.283824 -0.050464 -3.843085)
(-0.283824 -0.050464 -3.843091)
(-0.283824 -0.050464 -3.843098)
(-0.283824 -0.050464 -3.843079)
(-0.283824 -0.050464 -3.843061)
(-0.283824 -0.050464 -3.843067)
(-0.283824 -0.050464 -3.843073)
(-0.283824 -0.050464 -3.843055)
(-0.283824 -0.050464 -3.843061)
(-0.283824 -0.050464 -3.843018)
(-0.283824 -0.050464 -3.843024)
(-0.283824 -0.050464 -3.843030)
(-0.283824 -0.050464 -3.843012)
(-0.283824 -0.050464 -3.842994)
(-0.283824 -0.050464 -3.843000)
(-0.283824 -0.050464 -3.842982)
(-0.283824 -0.050464 -3.842988)
(-0.283824 -0.050464 -3.842994)
(-0.283824 -0.050464 -3.842976)
(-0.283824 -0.050464 -3.842957)
(-0.283824 -0.050464 -3.842914)
(-0.283824 -0.050464 -3.842896)
(-0.283824 -0.050464 -3.842902)
(-0.283824 -0.050464 -3.842883)
(-0.283824 -0.050464 -3.842889)
(-0.283824 -0.050464 -3.842846)
(-0.283824 -0.050464 -3.842827)
(-0.283824 -0.050464 -3.842808)
(-0.283824 -0.050464 -3.842814)
(-0.283824 -0.050464 -3.842820)
(-0.283824 -0.050464 -3.842802)
(-0.283824 -0.050464 -3.842783)
(-0.283824 -0.050464 -3.842765)
(-0.283824 -0.050464 -3.842746)
(-0.283824 -0.050464 -3.842752)
(-0.283824 -0.050464 -3.842733)
(-0.283824 -0.050464 -3.842715)
(-0.283824 -0.050464 -3.842721)
(-0.283824 -0.050464 -3.842702)
(-0.283824 -0.050464 -3.842708)
(-0.283824 -0.050464 -3.842690)
(-0.283824 -0.050464 -3.842695)
(-0.283824 -0.050464 -3.842726)
(-0.283824 -0.050464 -3.842732)
(-0.283824 -0.050464 -3.842714)
(-0.283824 -0.050464 -3.842720)
(-0.283824 -0.050464 -3.842726)
(-0.283824 -0.050464 -3.842707)
(-0.283824 -0.050464 -3.842688)
(-0.283824 -0.050464 -3.842670)
(-0.283824 -0.050464 -3.842675)
(-0.283824 -0.050464 -3.842681)
(-0.283824 -0.050464 -3.842662)
(-0.283824 -0.050464 -3.842668)
(-0.283824 -0.050464 -3.842674)
(-0.283824 -0.050464 -3.842680)
(-0.283824 -0.050464 -3.842685)
(-0.283824 -0.050464 -3.842716)
(-0.283824 -0.050464 -3.842697)
(-0.283824 -0.050464 -3.842678)
(-0.283824 -0.050464 -3.842659)
(-0.283824 -0.050464 -3.842640)
(-0.283824 -0.050464 -3.842622)
(-0.283824 -0.050464 -3.842627)
(-0.283824 -0.050464 -3.842633)
(-0.283824 -0.050464 -3.842639)
(-0.283824 -0.050464 -3.842620)
(-0.283824 -0.050464 -3.842601)
(-0.283824 -0.050464 -3.842607)
(-0.283824 -0.050464 -3.842588)
(-0.283824 -0.050464 -3.842569)
(-0.283824 -0.050464 -3.842550)
(-0.283824 -0.050464 -3.842531)
(-0.283824 -0.050464 -3.842513)
(-0.283824 -0.050464 -3.842518)
(-0.283824 -0.050464 -3.842499)
(-0.283824 -0.050464 -3.842505)
(-0.283824 -0.050464 -3.842486)
(-0.283824 -0.050464 -3.842468)
(-0.283824 -0.050464 -3.842448)
(-0.283824 -0.050464 -3.842429)
(-0.283824 -0.050464 -3.842410)
(-0.283824 -0.050464 -3.842416)
(-0.283824 -0.050464 -3.842397)
(-0.283824 -0.050464 -3.842402)
(-0.283824 -0.050464 -3.842408)
(-0.283824 -0.050464 -3.842413)
(-0.283824 -0.050464 -3.842394)
(-0.283824 -0.050464 -3.842375)
(-0.283824 -0.050464 -3.842381)
(-0.283824 -0.050464 -3.842361)
(-0.283824 -0.050464 -3.842342)
(-0.283824 -0.050464 -3.842323)
(-0.283824 -0.050464 -3.842329)
(-0.283824 -0.050464 -3.842334)
(-0.283824 -0.050464 -3.842315)
(-0.283824 -0.050464 -3.842296)
(-0.283824 -0.050464 -3.842302)
(-0.283824 -0.050464 -3.842307)
(-0.283824 -0.050464 -3.842313)
(-0.283824 -0.050464 -3.842269)
(-0.283824 -0.050464 -3.842250)
(-0.283824 -0.050464 -3.842231)
(-0.283824 -0.050464 -3.842211)
(-0.283824 -0.050464 -3.842192)
(-0.283824 -0.050464 -3.842198)
(-0.283824 -0.050464 -3.842203)
(-0.283824 -0.050464 -3.842209)
(-0.283824 -0.050464 -3.842214)
(-0.283824 -0.050464 -3.842220)
(-0.283824 -0.050464 -3.842225)
(-0.283824 -0.050464 -3.842230)
(-0.283824 -0.050464 -3.842235)
(-0.283824 -0.050464 -3.842241)
(-0.283824 -0.050464 -3.842221)
(-0.283824 -0.050464 -3.842202)
(-0.283824 -0.050464 -3.842158)
(-0.283824 -0.050464 -3.842163)
(-0.283824 -0.050464 -3.842168)
(-0.283824 -0.050464 -3.842149)
(-0.283824 -0.050464 -3.842130)
(-0.283824 -0.050464 -3.842135)
(-0.283824 -0.050464 -3.842116)
(-0.283824 -0.050464 -3.842072)
(-0.283824 -0.050464 -3.842052)
(-0.283824 -0.050464 -3.842057)
(-0.283824 -0.050464 -3.842038)
(-0.283824 -0.050464 -3.842019)
(-0.283824 -0.050464 -3.842000)
(-0.283824 -0.050464 -3.842005)
(-0.283824 -0.050464 -3.841985)
(-0.283824 -0.050464 -3.841966)
(-0.283824 -0.050464 -3.841947)
(-0.283824 -0.050464 -3.841952)
(-0.283824 -0.050464 -3.841933)
(-0.283824 -0.050464 -3.841938)
(-0.283824 -0.050464 -3.841943)
(-0.283824 -0.050464 -3.841924)
(-0.283824 -0.050464 -3.841904)
(-0.283824 -0.050464 -3.841885)
(-0.283824 -0.050464 -3.841890)
(-0.283824 -0.050464 -3.841870)
(-0.283824 -0.050464 -3.841851)
(-0.283824 -0.050464 -3.841856)
(-0.283824 -0.050464 -3.841836)
(-0.283824 -0.050464 -3.841792)
(-0.283824 -0.050464 -3.841772)
(-0.283824 -0.050464 -3.841753)
(-0.283824 -0.050464 -3.841733)
(-0.283824 -0.050464 -3.841738)
(-0.283824 -0.050464 -3.841743)
(-0.283824 -0.050464 -3.841723)
(-0.283824 -0.050464 -3.841704)
(-0.283824 -0.050464 -3.841684)
(-0.283824 -0.050464 -3.841689)
(-0.283824 -0.050464 -3.841670)
(-0.283824 -0.050464 -3.841675)
(-0.283824 -0.050464 -3.841655)
(-0.283824 -0.050464 -3.841636)
(-0.283824 -0.050464 -3.841616)
(-0.283824 -0.050464 -3.841597)
(-0.283824 -0.050464 -3.841602)
(-0.283824 -0.050464 -3.841607)
(-0.283824 -0.050464 -3.841587)
(-0.283824 -0.050464 -3.841568)
(-0.283824 -0.050464 -3.841548)
(-0.283824 -0.050464 -3.841553)
(-0.283824 -0.050464 -3.841533)
(-0.283824 -0.050464 -3.841513)
(-0.283824 -0.050464 -3.841494)
(-0.283824 -0.050464 -3.841523)
(-0.283824 -0.050464 -3.841528)
(-0.283824 -0.050464 -3.841533)
(-0.283824 -0.050464 -3.841513)
(-0.283824 -0.050464 -3.841493)
(-0.283824 -0.050464 -3.841473)
(-0.283824 -0.050464 -3.841478)
(-0.283824 -0.050464 -3.841458)
(-0.283824 -0.050464 -3.841463)
(-0.283824 -0.050464 -3.841443)
(-0.283824 -0.050464 -3.841424)
(-0.283824 -0.050464 -3.841404)
(-0.283824 -0.050464 -3.841384)
(-0.283824 -0.050464 -3.841389)
(-0.283824 -0.050464 -3.841369)
(-0.283824 -0.050464 -3.841349)
(-0.283824 -0.050464 -3.841329)
(-0.283824 -0.050464 -3.841310)
(-0.283824 -0.050464 -3.841290)
(-0.283824 -0.050464 -3.841295)
(-0.283824 -0.050464 -3.841275)
(-0.283824 -0.050464 -3.841280)
(-0.283824 -0.050464 -3.841260)
(-0.283824 -0.050464 -3.841264)
(-0.283824 -0.050464 -3.841245)
(-0.283824 -0.050464 -3.841225)
(-0.283824 -0.050464 -3.841205)
(-0.283824 -0.050464 -3.841209)
(-0.283824 -0.050464 -3.841214)
(-0.283824 -0.050464 -3.841218)
(-0.283824 -0.050464 -3.841198)
(-0.283824 -0.050464 -3.841178)
(-0.283824 -0.050464 -3.841183)
(-0.283824 -0.050464 -3.841163)
(-0.283824 -0.050464 -3.841167)
(-0.283824 -0.050464 -3.841147)
(-0.283824 -0.050464 -3.841127)
(-0.283824 -0.050464 -3.841107)
(-0.283824 -0.050464 -3.841087)
(-0.283824 -0.050464 -3.841092)
(-0.283824 -0.050464 -3.841121)
(-0.283824 -0.050464 -3.841101)
(-0.283824 -0.050464 -3.841081)
(-0.283824 -0.050464 -3.841085)
(-0.283824 -0.050464 -3.841065)
(-0.283824 -0.050464 -3.841045)
(-0.283824 -0.050464 -3.841025)
(-0.283824 -0.050464 -3.841005)
(-0.283824 -0.050464 -3.840985)
(-0.283824 -0.050464 -3.840940)
(-0.283824 -0.050464 -3.840920)
(-0.283824 -0.050464 -3.840900)
(-0.283824 -0.050464 -3.840880)
(-0.283824 -0.050464 -3.840885)
(-0.283824 -0.050464 -3.840889)
(-0.283824 -0.050464 -3.840894)
(-0.283824 -0.050464 -3.840873)
(-0.283824 -0.050464 -3.840853)
(-0.283824 -0.050464 -3.840833)
(-0.283824 -0.050464 -3.840788)
(-0.283824 -0.050464 -3.840767)
(-0.283824 -0.050464 -3.840772)
(-0.283824 -0.050464 -3.840751)
(-0.283824 -0.050464 -3.840731)
(-0.283824 -0.050464 -3.840735)
(-0.283824 -0.050464 -3.840740)
(-0.283824 -0.050464 -3.840695)
(-0.283824 -0.050464 -3.840674)
(-0.283824 -0.050464 -3.840679)
(-0.283824 -0.050464 -3.840658)
(-0.283824 -0.050464 -3.840663)
(-0.283824 -0.050464 -3.840642)
(-0.283824 -0.050464 -3.840622)
(-0.283824 -0.050464 -3.840602)
(-0.283824 -0.050464 -3.840606)
(-0.283824 -0.050464 -3.840586)
(-0.283824 -0.050464 -3.840566)
(-0.283824 -0.050464 -3.840570)
(-0.283824 -0.050464 -3.840550)
(-0.283824 -0.050464 -3.840529)
(-0.283824 -0.050464 -3.840509)
(-0.283824 -0.050464 -3.840489)
(-0.283824 -0.050464 -3.840469)
(-0.283824 -0.050464 -3.840473)
(-0.283824 -0.050464 -3.840452)
(-0.283824 -0.050464 -3.840432)
(-0.283824 -0.050464 -3.840436)
(-0.283824 -0.050464 -3.840415)
(-0.283824 -0.050464 -3.840419)
(-0.283824 -0.050464 -3.840399)
(-0.283824 -0.050464 -3.840403)
(-0.283824 -0.050464 -3.840382)
(-0.283824 -0.050464 -3.840386)
(-0.283824 -0.050464 -3.840366)
(-0.283824 -0.050464 -3.840345)
(-0.283824 -0.050464 -3.840349)
(-0.283824 -0.050464 -3.840353)
(-0.283824 -0.050464 -3.840358)
(-0.283824 -0.050464 -3.840362)
(-0.283824 -0.050464 -3.840366)
(-0.283824 -0.050464 -3.840370)
(-0.283824 -0.050464 -3.840374)
(-0.283824 -0.050464 -3.840328)
(-0.283824 -0.050464 -3.840308)
(-0.283824 -0.050464 -3.840287)
(-0.283824 -0.050464 -3.840267)
(-0.283824 -0.050464 -3.840271)
(-0.283824 -0.050464 -3.840275)
(-0.283824 -0.050464 -3.840255)
(-0.283824 -0.050464 -3.840259)
(-0.283824 -0.050464 -3.840238)
(-0.283824 -0.050464 -3.840218)
(-0.283824 -0.050464 -3.840221)
(-0.283824 -0.050464 -3.840176)
(-0.283824 -0.050464 -3.840155)
(-0.283824 -0.050464 -3.840159)
(-0.283824 -0.050464 -3.840163)
(-0.283824 -0.050464 -3.840142)
(-0.283824 -0.050464 -3.840121)
(-0.283824 -0.050464 -3.840125)
(-0.283824 -0.050464 -3.840104)
(-0.283824 -0.050464 -3.840084)
(-0.283824 -0.050464 -3.840087)
(-0.283824 -0.050464 -3.840067)
(-0.283824 -0.050464 -3.840070)
(-0.283824 -0.050464 -3.840050)
(-0.283824 -0.050464 -3.840029)
(-0.283824 -0.050464 -3.840033)
(-0.283824 -0.050464 -3.840012)
(-0.283824 -0.050464 -3.839991)
(-0.283824 -0.050464 -3.839971)
(-0.283824 -0.050464 -3.839974)
(-0.283824 -0.050464 -3.839978)
(-0.283824 -0.050464 -3.839982)
(-0.283824 -0.050464 -3.839986)
(-0.283824 -0.050464 -3.839965)
(-0.283824 -0.050464 -3.839944)
(-0.283824 -0.050464 -3.839948)
(-0.283824 -0.050464 -3.839903)
(-0.283824 -0.050464 -3.839857)
(-0.283824 -0.050464 -3.839836)
(-0.283824 -0.050464 -3.839815)
(-0.283824 -0.050464 -3.839794)
(-0.283824 -0.050464 -3.839773)
(-0.283824 -0.050464 -3.839752)
(-0.283824 -0.050464 -3.839731)
(-0.283824 -0.050464 -3.839710)
(-0.283824 -0.050464 -3.839689)
(-0.283824 -0.050464 -3.839668)
(-0.283824 -0.050464 -3.839672)
(-0.283824 -0.050464 -3.839651)
(-0.283824 -0.050464 -3.839630)
(-0.283824 -0.050464 -3.839633)
(-0.283824 -0.050464 -3.839612)
(-0.283824 -0.050464 -3.839592)
(-0.283824 -0.050464 -3.839571)
(-0.283824 -0.050464 -3.839574)
(-0.283824 -0.050464 -3.839553)
(-0.283824 -0.050464 -3.839581)
(-0.283824 -0.050464 -3.839585)
(-0.283824 -0.050464 -3.839564)
(-0.283824 -0.050464 -3.839568)
(-0.283824 -0.050464 -3.839547)
(-0.283824 -0.050464 -3.839526)
(-0.283824 -0.050464 -3.839505)
(-0.283824 -0.050464 -3.839508)
(-0.283824 -0.050464 -3.839512)
(-0.283824 -0.050464 -3.839515)
(-0.283824 -0.050464 -3.839494)
(-0.283824 -0.050464 -3.839473)
(-0.283824 -0.050464 -3.839452)
(-0.283824 -0.050464 -3.839456)
(-0.283824 -0.050464 -3.839459)
(-0.283824 -0.050464 -3.839438)
(-0.283824 -0.050464 -3.839392)
(-0.283824 -0.050464 -3.839370)
(-0.283824 -0.050464 -3.839349)
(-0.283824 -0.050464 -3.839303)
(-0.283824 -0.050464 -3.839282)
(-0.283824 -0.050464 -3.839285)
(-0.283824 -0.050464 -3.839264)
(-0.283824 -0.050464 -3.839243)
(-0.283824 -0.050464 -3.839246)
(-0.283824 -0.050464 -3.839225)
(-0.283824 -0.050464 -3.839204)
(-0.283824 -0.050464 -3.839207)
(-0.283824 -0.050464 -3.839211)
(-0.283824 -0.050464 -3.839189)
(-0.283824 -0.050464 -3.839168)
(-0.283824 -0.050464 -3.839171)
(-0.283824 -0.050464 -3.839150)
(-0.283824 -0.050464 -3.839129)
(-0.283824 -0.050464 -3.839108)
(-0.283824 -0.050464 -3.839087)
(-0.283824 -0.050464 -3.839090)
(-0.283824 -0.050464 -3.839069)
(-0.283824 -0.050464 -3.839047)
(-0.283824 -0.050464 -3.839051)
(-0.283824 -0.050464 -3.839054)
(-0.283824 -0.050464 -3.839057)
(-0.283824 -0.050464 -3.839035)
(-0.283824 -0.050464 -3.839038)
(-0.283824 -0.050464 -3.839041)
(-0.283824 -0.050464 -3.839045)
(-0.283824 -0.050464 -3.839048)
(-0.283824 -0.050464 -3.839051)
(-0.283824 -0.050464 -3.839029)
(-0.283824 -0.050464 -3.839008)
(-0.283824 -0.050464 -3.838986)
(-0.283824 -0.050464 -3.838989)
(-0.283824 -0.050464 -3.838993)
(-0.283824 -0.050464 -3.838971)
(-0.283824 -0.050464 -3.838974)
(-0.283824 -0.050464 -3.838977)
(-0.283824 -0.050464 -3.838980)
(-0.283824 -0.050464 -3.838959)
(-0.283824 -0.050464 -3.838938)
(-0.283824 -0.050464 -3.838941)
(-0.283824 -0.050464 -3.838919)
(-0.283824 -0.050464 -3.838922)
(-0.283824 -0.050464 -3.838901)
(-0.283824 -0.050464 -3.838904)
(-0.283824 -0.050464 -3.838907)
(-0.283824 -0.050464 -3.838935)
(-0.283824 -0.050464 -3.838938)
(-0.283824 -0.050464 -3.838917)
(-0.283824 -0.050464 -3.838920)
(-0.283824 -0.050464 -3.838898)
(-0.283824 -0.050464 -3.838876)
(-0.283824 -0.050464 -3.838855)
(-0.283824 -0.050464 -3.838857)
(-0.283824 -0.050464 -3.838860)
(-0.283824 -0.050464 -3.838814)
(-0.283824 -0.050464 -3.838767)
(-0.283824 -0.050464 -3.838746)
(-0.283824 -0.050464 -3.838699)
(-0.283824 -0.050464 -3.838677)
(-0.283824 -0.050464 -3.838631)
(-0.283824 -0.050464 -3.838609)
(-0.283824 -0.050464 -3.838588)
(-0.283824 -0.050464 -3.838566)
(-0.283824 -0.050464 -3.838569)
(-0.283824 -0.050464 -3.838572)
(-0.283824 -0.050464 -3.838550)
(-0.283824 -0.050464 -3.838528)
(-0.283824 -0.050464 -3.838506)
(-0.283824 -0.050464 -3.838485)
(-0.283824 -0.050464 -3.838488)
(-0.283824 -0.050464 -3.838490)
(-0.283824 -0.050464 -3.838493)
(-0.283824 -0.050464 -3.838496)
(-0.283824 -0.050464 -3.838499)
(-0.283824 -0.050464 -3.838502)
(-0.283824 -0.050464 -3.838480)
(-0.283824 -0.050464 -3.838459)
(-0.283824 -0.050464 -3.838437)
(-0.283824 -0.050464 -3.838439)
(-0.283824 -0.050464 -3.838442)
(-0.283824 -0.050464 -3.838420)
(-0.283824 -0.050464 -3.838423)
(-0.283824 -0.050464 -3.838425)
(-0.283824 -0.050464 -3.838428)
(-0.283824 -0.050464 -3.838406)
(-0.283824 -0.050464 -3.838384)
(-0.283824 -0.050464 -3.838387)
(-0.283824 -0.050464 -3.838389)
(-0.283824 -0.050464 -3.838392)
(-0.283824 -0.050464 -3.838395)
(-0.283824 -0.050464 -3.838373)
(-0.283824 -0.050464 -3.838375)
(-0.283824 -0.050464 -3.838353)
(-0.283824 -0.050464 -3.838356)
(-0.283824 -0.050464 -3.838359)
(-0.283824 -0.050464 -3.838361)
(-0.283824 -0.050464 -3.838364)
(-0.283824 -0.050464 -3.838342)
(-0.283824 -0.050464 -3.838345)
(-0.283824 -0.050464 -3.838323)
(-0.283824 -0.050464 -3.838325)
(-0.283824 -0.050464 -3.838303)
(-0.283824 -0.050464 -3.838306)
(-0.283824 -0.050464 -3.838284)
(-0.283824 -0.050464 -3.838262)
(-0.283824 -0.050464 -3.838265)
(-0.283824 -0.050464 -3.838267)
(-0.283824 -0.050464 -3.838245)
(-0.283824 -0.050464 -3.838248)
(-0.283824 -0.050464 -3.838226)
(-0.283824 -0.050464 -3.838228)
(-0.283824 -0.050464 -3.838230)
(-0.283824 -0.050464 -3.838233)
(-0.283824 -0.050464 -3.838235)
(-0.283824 -0.050464 -3.838238)
(-0.283824 -0.050464 -3.838240)
(-0.283824 -0.050464 -3.838242)
(-0.283824 -0.050464 -3.838245)
(-0.283824 -0.050464 -3.838247)
(-0.283824 -0.050464 -3.838225)
(-0.283824 -0.050464 -3.838203)
(-0.283824 -0.050464 -3.838181)
(-0.283824 -0.050464 -3.838158)
(-0.283824 -0.050464 -3.838161)
(-0.283824 -0.050464 -3.838139)
(-0.283824 -0.050464 -3.838116)
(-0.283824 -0.050464 -3.838094)
(-0.283824 -0.050464 -3.838072)
(-0.283824 -0.050464 -3.838074)
(-0.283824 -0.050464 -3.838077)
(-0.283824 -0.050464 -3.838055)
(-0.283824 -0.050464 -3.838057)
(-0.283824 -0.050464 -3.838035)
(-0.283824 -0.050464 -3.838013)
(-0.283824 -0.050464 -3.837966)
(-0.283824 -0.050464 -3.837968)
(-0.283824 -0.050464 -3.837970)
(-0.283824 -0.050464 -3.837972)
(-0.283824 -0.050464 -3.837975)
(-0.283824 -0.050464 -3.837952)
(-0.283824 -0.050464 -3.837930)
(-0.283824 -0.050464 -3.837932)
)